2,-11.197
0,-9.843
0,-9.689
0,-9.013
0,-4.501
0,-9.323
2,-17.302
2,-11.642
2,-13.496
0,-6.697
2,-10.021
0,-7.545
0,-6.632
0,-7.75
0,-8.346
0,-8.576
2,-16.11
0,-8.032
0,-5.271
0,-6.787
2,-15.221
0,-8.514
0,-8.05
0,-4.264
2,-12.332
0,-5.908
0,-6.486
0,-4.516
0,-9.616
1,-18.051
2,-11.939
2,-15.335
2,-10.922
2,-9.983
0,-7.762
0,-9.512
0,-9.063
0,-8.879
2,-17.699
1,-19.478
0,-7.469
0,-2.022
2,-10.358
2,-12.716
2,-15.663
0,-6.944
0,-7.805
2,-10.7
2,-10.93
0,-9.493
0,-9.253
2,-12.009
2,-11.043
2,-11.506
2,-14.179
0,-8.531
0,-8.541
0,-6.629
2,-13.33
2,-12.412
1,-21.552
0,-8.686
0,-6.222
0,-5.907
0,-4.638
0,-5.884
0,-7.787
0,-8.488
0,-9.603
1,-26.266
0,-6.305
2,-9.998
0,-9.161
0,-4.865
0,-4.882
2,-12.951
2,-11.751
0,-6.693
0,-9.091
0,-2.658
0,-4.42
2,-11.051
2,-9.97
2,-11.335
2,-15.581
2,-11.98
2,-11.215
0,-8.165
2,-12.69
0,-8.7
0,-5.758
0,-4.907
0,-8.133
0,-9.093
2,-10.296
2,-12.839
2,-13.71
0,-2.119
2,-14.438
2,-13.002
2,-12.004
0,-8.37
2,-11.829
0,-6.29
2,-15.761
1,-27.433
0,-5.701
0,-8.709
2,-13.627
2,-11.479
0,-6.302
2,-10.466
0,-9.275
1,-37.398
2,-13.836
0,-7.103
2,-13.495
2,-15.144
2,-12.991
0,-6.01
0,-5.58
0,-4.313
2,-17.285
0,-5.931
2,-14.248
2,-12.651
2,-16.056
0,-5.913
0,-5.541
0,-6.019
0,-4.953
1,-18.114
2,-11.061
0,-7.04
2,-15.358
2,-11.213
0,-5.904
0,-8.095
0,-7.982
0,-8.804
0,-5.699
0,-5.152
2,-9.965
2,-11.976
2,-10.229
0,-6.284
0,-3.818
0,-4.633
0,-5.602
0,-5.157
0,-1.925
0,-5.21
2,-12.717
2,-12.28
0,-9.748
0,-4.878
1,-23.988
0,-9.414
0,-9.741
2,-11.965
2,-12.779
0,-8.403
2,-13.251
0,-5.884
0,-6.929
0,-4.198
0,-6.998
2,-12.772
1,-18.147
0,-7.661
2,-17.308
1,-28.347
0,-2.869
0,-7.309
2,-15.351
1,-25.694
0,-9.435
0,-4.793
2,-17.623
0,-6.2
1,-19.821
0,-9.632
0,-5.671
2,-11.708
2,-16.968
2,-13.038
2,-10.647
0,-4.172
2,-10.756
0,-3.422
2,-12.26
1,-23.527
0,-9.435
0,-8.639
0,-7.672
2,-13.668
0,-6.885
0,-4.2
2,-16.433
0,-6.951
2,-14.737
0,-9.628
0,-8.46
0,-3.736
0,-4.376
0,-6.947
2,-12.279
2,-15.736
0,-5.871
2,-12.053
0,-6.248
2,-13.703
0,-9.716
0,-6.258
2,-11.702
2,-14.509
0,-9.062
0,-6.788
2,-12.772
0,-9.258
1,-24.597
0,-8.161
0,-6.751
1,-29.295
2,-12.658
0,-6.546
2,-17.522
2,-10.777
2,-9.993
2,-12.99
0,-8.339
0,-6.531
0,-6.933
0,-4.178
0,-8.91
0,-2.069
2,-16.844
0,-3.803
2,-10.57
0,-6.694
2,-16.753
0,-4.376
1,-38.525
0,-1.843
0,-3.937
2,-16.006
1,-19.794
0,-7.614
2,-10.274
0,-5.912
0,-7.108
2,-15.578
0,-9.334
2,-16.942
0,-6.021
2,-13.135
0,-6.893
0,-9.506
0,-7.255
0,-7.684
2,-12.385
0,-4.779
2,-11.356
0,-8.147
0,-6.582
2,-16.527
2,-10.173
2,-14.123
0,-5.483
0,-7.307
2,-12.75
2,-10.328
0,-9.668
0,-5.444
0,-4.144
1,-18.349
1,-20.964
2,-11.877
0,-5.627
0,-1.998
0,-7.901
0,-8.798
0,-5.934
2,-10.7
0,-4.332
2,-15.672
2,-15.54
2,-14.621
2,-11.428
2,-11.273
0,-9.745
2,-10.917
1,-21.787
2,-14.449
0,-7.535
2,-10.918
1,-21.25
2,-12.77
2,-15.574
0,-9.79
1,-32.017
0,-5.533
0,-8.901
2,-15.915
0,-8.489
2,-13.366
0,-5.947
2,-13.826
2,-11.488
0,-9.28
0,-7.928
2,-14.367
0,-7.598
0,-2.939
0,-8.632
2,-14.544
0,-7.605
2,-13.256
0,-7.225
0,-8.422
0,-5.12
1,-23.996
0,-8.041
2,-10.957
2,-14.835
1,-22.289
2,-10.683
1,-18.703
0,-9.672
2,-10.754
0,-8.372
0,-4.37
2,-15.599
0,-6.358
0,-7.884
0,-5.134
0,-4.954
1,-26.358
2,-15.672
1,-21.593
2,-11.255
2,-11.494
0,-7.427
2,-16.113
0,-9.843
2,-17.492
0,-6.301
0,-6.294
0,-7.64
1,-18.341
1,-22.752
0,-4.169
0,-6.977
2,-14.041
2,-16.994
2,-12.0
0,-7.626
0,-6.318
2,-12.811
0,-9.448
2,-10.398
0,-5.537
0,-7.513
2,-17.16
0,-9.788
0,-4.053
0,-3.159
2,-13.781
2,-10.968
0,-6.996
2,-14.014
0,-2.838
2,-15.046
2,-15.008
0,-8.916
0,-6.908
0,-9.371
0,-5.234
0,-2.704
0,-3.325
0,-8.933
0,-8.548
1,-18.397
0,-7.812
0,-8.499
0,-5.165
2,-10.274
2,-12.708
0,-5.797
1,-22.35
0,-7.113
0,-7.467
1,-18.724
0,-5.386
0,-4.583
0,-5.893
2,-17.805
0,-4.228
0,-7.693
0,-6.622
1,-19.263
0,-2.315
0,-8.299
2,-12.752
2,-13.078
2,-10.231
2,-11.26
0,-3.573
1,-25.146
2,-12.091
0,-8.576
0,-6.832
2,-13.481
0,-6.746
2,-16.077
2,-10.324
2,-13.456
2,-12.084
1,-19.461
0,-6.608
0,-7.758
0,-8.832
0,-7.458
2,-14.952
2,-12.102
2,-15.598
2,-12.01
0,-4.507
0,-5.568
0,-9.636
0,-9.559
0,-4.621
0,-3.536
0,-5.786
0,-8.089
0,-7.834
0,-3.319
0,-4.806
2,-10.895
2,-10.862
0,-9.513
0,-7.301
0,-3.637
0,-7.041
2,-11.927
0,-4.941
2,-13.103
2,-13.134
0,-9.224
1,-20.842
0,-5.653
0,-8.654
1,-27.806
0,-6.206
2,-14.979
2,-10.45
0,-4.179
0,-8.471
2,-14.688
0,-6.816
0,-6.609
2,-14.217
2,-11.661
0,-3.806
1,-23.685
0,-6.481
1,-18.863
0,-9.131
0,-7.714
0,-5.68
0,-6.825
0,-7.499
2,-10.225
0,-7.711
1,-18.91
0,-9.718
0,-8.942
0,-9.464
0,-3.47
2,-10.453
0,-7.188
2,-10.269
0,-4.969
2,-16.051
2,-9.899
1,-22.825
0,-3.235
0,-5.959
2,-13.777
2,-13.774
0,-7.114
0,-7.249
0,-3.865
0,-6.503
2,-13.462
0,-9.846
0,-6.014
0,-6.181
2,-14.816
0,-6.435
1,-20.284
2,-15.148
2,-11.97
2,-9.996
2,-17.611
0,-7.401
1,-22.271
1,-19.976
0,-8.734
2,-12.552
2,-9.903
0,-9.186
0,-7.315
0,-7.951
0,-6.26
1,-26.626
0,-3.951
0,-5.766
0,-6.883
0,-8.72
0,-5.208
2,-11.549
2,-10.918
2,-10.85
2,-10.881
0,-9.469
0,-6.931
2,-12.677
2,-10.586
2,-12.389
2,-10.483
0,-4.314
1,-20.846
0,-9.393
0,-6.762
2,-10.72
0,-6.084
0,-5.66
2,-16.113
0,-9.647
0,-3.017
0,-6.282
0,-5.703
0,-7.743
2,-10.275
2,-14.891
0,-3.91
2,-13.876
0,-9.586
0,-7.719
2,-14.934
0,-4.44
0,-6.876
0,-7.803
0,-2.542
0,-5.728
0,-8.135
0,-5.799
2,-11.937
0,-6.033
0,-3.028
2,-13.992
0,-6.464
0,-8.226
2,-15.624
0,-7.461
0,-5.648
0,-7.199
0,-3.584
0,-5.963
2,-10.548
0,-7.381
0,-7.0
2,-11.415
2,-16.357
0,-8.132
0,-9.56
0,-4.714
2,-16.263
0,-9.699
0,-4.141
2,-13.047
0,-4.541
0,-6.311
2,-10.3
2,-10.609
2,-12.649
1,-21.978
2,-10.976
0,-6.022
2,-14.489
0,-8.521
2,-15.546
0,-8.952
0,-7.329
0,-6.446
2,-10.844
2,-16.504
2,-10.086
0,-8.579
0,-7.74
0,-6.366
0,-4.683
0,-9.01
1,-19.157
2,-12.22
0,-5.953
0,-7.31
0,-8.224
2,-12.437
1,-24.83
1,-23.15
2,-10.362
0,-8.525
0,-7.7
0,-6.051
0,-5.779
2,-11.236
0,-4.998
2,-10.196
0,-8.521
2,-13.512
1,-20.193
2,-12.298
2,-10.203
0,-5.492
0,-9.848
0,-7.736
2,-12.714
2,-13.607
0,-9.883
0,-4.852
0,-5.981
2,-17.714
0,-5.202
2,-12.743
0,-5.644
1,-29.75
0,-5.724
0,-9.249
2,-10.764
0,-9.479
2,-15.279
2,-10.653
0,-9.035
1,-20.816
1,-18.245
1,-20.359
0,-3.306
1,-23.095
1,-18.152
2,-13.12
0,-6.097
2,-9.99
2,-14.876
0,-9.221
0,-6.589
0,-8.983
0,-8.189
0,-2.001
0,-9.148
0,-7.232
1,-18.263
2,-15.01
1,-21.835
0,-7.071
0,-7.974
1,-36.835
1,-23.874
0,-4.134
2,-11.828
2,-14.28
0,-6.076
0,-7.397
2,-17.91
2,-11.766
0,-6.664
0,-2.844
2,-11.473
0,-7.434
1,-30.293
2,-9.911
0,-7.769
0,-1.622
0,-3.753
2,-17.941
2,-12.597
0,-9.042
0,-3.854
2,-16.884
0,-3.826
1,-22.196
0,-3.959
0,-8.726
2,-13.873
0,-6.748
0,-8.225
0,-8.612
0,-9.074
2,-14.493
2,-15.653
0,-8.57
0,-9.492
2,-12.371
2,-11.124
0,-9.105
0,-7.005
2,-12.839
2,-15.777
2,-12.586
0,-4.379
2,-10.56
0,-7.837
2,-14.711
0,-4.994
2,-16.724
0,-5.025
0,-9.191
0,-7.087
2,-12.161
0,-9.033
2,-11.459
0,-8.506
2,-11.663
2,-11.105
0,-6.774
2,-13.637
0,-9.517
0,-9.693
0,-9.381
0,-2.999
2,-11.484
0,-4.442
2,-11.404
0,-7.634
2,-11.255
2,-12.436
0,-5.945
2,-12.935
2,-15.995
0,-8.41
2,-12.593
2,-13.592
0,-6.186
2,-11.851
2,-16.05
1,-37.065
2,-15.755
0,-3.973
1,-18.169
0,-4.188
0,-2.599
0,-5.614
0,-8.733
0,-4.62
1,-18.713
0,-9.449
0,-8.665
1,-31.412
0,-1.479
2,-13.763
2,-15.164
0,-5.298
0,-5.737
1,-21.412
2,-16.215
2,-13.792
0,-5.849
1,-18.719
0,-8.962
0,-8.754
0,-8.596
0,-8.09
0,-8.405
0,-9.139
2,-16.937
0,-2.397
2,-11.814
0,-4.99
0,-8.871
1,-22.492
2,-11.216
0,-7.688
2,-12.584
0,-4.238
2,-11.508
0,-4.184
2,-11.448
2,-12.139
2,-11.156
2,-15.926
2,-13.898
0,-5.434
0,-7.162
2,-17.019
0,-3.487
0,-6.475
2,-10.727
0,-4.732
0,-6.318
2,-12.469
0,-8.077
0,-6.473
2,-12.468
0,-7.654
0,-7.551
0,-4.853
0,-2.617
0,-8.774
0,-8.691
0,-9.65
0,-6.917
2,-14.293
0,-6.53
0,-7.405
2,-11.536
0,-7.462
0,-6.654
0,-5.911
2,-11.786
0,-9.614
0,-2.932
0,-4.002
2,-14.51
0,-6.518
0,-8.005
0,-9.84
2,-10.566
2,-13.224
0,-5.993
1,-18.184
0,-6.478
0,-8.334
0,-7.865
2,-9.89
0,-7.657
2,-16.336
0,-4.639
0,-5.155
0,-7.54
1,-20.446
0,-5.498
0,-6.375
0,-5.991
2,-11.857
0,-5.371
2,-13.179
2,-10.791
0,-4.568
0,-4.059
0,-8.493
0,-3.049
0,-5.573
0,-4.812
0,-7.751
1,-21.881
0,-7.693
0,-5.946
0,-6.942
0,-6.017
0,-4.022
0,-6.533
0,-4.982
1,-19.376
0,-7.268
2,-13.159
2,-10.72
2,-10.612
2,-17.057
2,-10.393
0,-8.154
0,-3.287
0,-6.241
2,-11.931
2,-10.037
1,-18.533
2,-12.21
0,-9.055
2,-10.803
2,-11.359
2,-13.227
2,-12.91
0,-7.582
0,-5.764
0,-6.356
2,-13.42
2,-17.263
2,-16.021
2,-12.392
1,-21.723
0,-8.301
2,-11.258
1,-21.506
0,-5.304
0,-5.516
2,-12.838
0,-2.968
0,-2.769
0,-6.724
0,-8.672
2,-14.409
2,-12.708
0,-8.059
2,-17.92
0,-7.356
0,-5.814
0,-4.854
0,-5.906
0,-7.299
2,-14.094
0,-5.563
0,-6.675
0,-7.382
2,-16.163
0,-7.145
2,-15.889
0,-7.123
0,-8.493
0,-6.36
0,-7.15
0,-5.56
1,-28.946
0,-4.834
1,-18.118
2,-15.668
2,-12.548
2,-15.305
2,-14.919
0,-8.874
2,-13.659
0,-5.16
0,-4.394
1,-19.492
0,-4.166
1,-19.602
0,-3.062
0,-5.869
0,-3.947
0,-8.273
0,-3.741
2,-17.661
0,-4.771
0,-3.766
0,-8.775
1,-21.854
0,-5.575
0,-6.519
2,-10.484
0,-9.627
2,-11.696
0,-5.508
2,-10.551
2,-14.178
0,-9.302
2,-16.398
0,-4.465
0,-5.384
0,-5.152
0,-9.811
2,-9.894
0,-7.68
2,-9.917
0,-5.306
0,-8.591
0,-4.678
0,-9.296
1,-18.354
0,-9.528
1,-20.826
0,-5.695
0,-7.207
0,-3.258
0,-5.084
2,-10.284
2,-14.04
0,-9.727
0,-6.016
0,-7.877
0,-6.695
0,-8.25
1,-20.302
0,-3.942
0,-6.129
0,-5.864
0,-6.107
2,-14.286
2,-12.026
0,-3.871
0,-2.192
0,-2.679
0,-9.725
0,-2.928
0,-3.918
0,-8.096
0,-3.961
2,-9.96
2,-10.872
2,-13.991
0,-8.246
2,-10.621
0,-7.286
2,-13.578
0,-5.286
0,-8.301
2,-14.44
2,-10.42
0,-7.768
2,-10.486
0,-9.057
0,-7.998
2,-10.557
0,-6.025
0,-6.618
0,-6.067
0,-6.61
0,-6.163
0,-6.83
2,-15.076
0,-6.199
0,-3.257
2,-10.62
2,-9.978
2,-13.192
0,-5.896
0,-5.129
0,-7.163
0,-7.442
2,-11.31
0,-6.206
2,-9.905
0,-8.878
2,-10.997
2,-13.633
1,-23.519
2,-13.816
1,-20.082
2,-13.163
0,-8.826
1,-18.935
2,-10.494
2,-17.437
2,-11.706
2,-13.762
0,-7.996
2,-10.239
0,-1.723
0,-3.593
0,-5.4
0,-5.654
0,-5.716
1,-29.521
2,-11.567
0,-5.111
0,-4.736
0,-5.227
0,-5.419
2,-12.384
2,-10.475
0,-9.433
0,-2.844
0,-6.677
0,-8.311
0,-8.815
2,-11.71
0,-8.4
1,-23.684
0,-8.788
2,-11.537
1,-19.991
0,-5.098
1,-24.986
2,-13.613
2,-12.806
0,-1.977
0,-5.627
0,-4.398
0,-7.683
1,-23.771
2,-16.399
2,-15.55
0,-7.622
0,-5.8
0,-5.75
2,-13.688
0,-6.89
2,-11.212
0,-5.378
2,-11.611
0,-5.962
2,-10.99
2,-13.11
1,-21.361
0,-4.613
0,-8.311
0,-5.871
0,-6.81
2,-15.732
2,-10.002
0,-7.168
0,-9.823
2,-13.074
0,-6.652
0,-5.762
0,-6.992
2,-14.301
0,-9.344
2,-10.175
0,-4.231
2,-10.241
0,-9.535
0,-3.38
0,-5.085
0,-6.874
0,-9.073
2,-15.872
2,-15.754
2,-12.149
0,-8.251
0,-7.183
1,-21.511
2,-15.661
2,-13.345
1,-23.347
2,-13.276
0,-7.711
0,-7.165
0,-5.425
0,-7.46
0,-5.807
0,-6.942
0,-5.041
2,-11.837
2,-16.408
0,-6.481
0,-5.243
2,-11.947
0,-9.839
2,-13.242
2,-14.252
2,-10.823
2,-17.169
0,-7.564
0,-3.545
0,-4.181
1,-20.026
0,-8.432
1,-20.02
2,-14.23
0,-6.465
2,-14.443
2,-14.233
2,-14.669
1,-24.422
2,-10.794
2,-13.115
2,-14.338
2,-14.173
2,-17.242
2,-15.0
1,-28.2
0,-4.165
0,-7.329
0,-3.884
2,-10.491
2,-10.468
0,-6.255
0,-8.069
2,-13.686
0,-9.769
1,-18.86
2,-11.4
2,-13.569
2,-13.311
0,-3.352
2,-14.445
0,-7.306
2,-12.471
0,-6.917
0,-7.078
0,-7.404
2,-14.206
2,-12.338
0,-8.328
0,-6.069
2,-10.623
0,-7.705
0,-6.419
0,-6.451
2,-10.623
2,-16.136
2,-14.157
2,-16.063
2,-17.307
0,-8.085
2,-14.736
2,-14.188
0,-4.854
0,-8.748
2,-14.755
0,-6.427
2,-14.002
1,-21.177
2,-15.655
0,-8.78
2,-13.89
2,-11.516
0,-3.985
0,-7.717
0,-6.643
0,-9.503
0,-6.467
0,-5.721
0,-4.272
0,-8.032
2,-13.626
2,-13.984
2,-11.524
2,-11.528
2,-16.538
2,-12.679
2,-12.088
1,-27.369
2,-12.1
2,-10.943
2,-11.338
1,-21.761
2,-10.648
0,-6.601
0,-5.977
2,-13.812
2,-14.073
1,-19.814
0,-9.853
2,-14.775
0,-9.495
0,-5.704
0,-4.947
0,-3.738
2,-13.771
0,-5.431
2,-13.778
0,-3.619
2,-17.337
2,-11.448
0,-6.828
2,-17.114
0,-4.68
0,-6.873
2,-16.427
0,-5.065
0,-4.462
0,-6.855
2,-15.586
0,-6.01
2,-11.027
2,-10.718
0,-9.532
2,-10.261
2,-14.088
0,-4.573
2,-11.803
1,-27.858
0,-8.392
0,-7.123
0,-9.76
2,-15.571
0,-8.686
2,-11.433
2,-12.767
0,-8.07
2,-14.403
0,-4.018
2,-16.334
0,-5.912
0,-4.65
0,-3.909
0,-6.028
2,-10.971
1,-23.73
2,-10.288
2,-13.289
0,-8.792
2,-15.968
2,-14.172
0,-4.768
0,-5.853
0,-5.343
0,-5.647
2,-12.239
2,-13.881
0,-8.888
0,-7.787
2,-12.193
0,-8.43
2,-14.818
0,-3.525
0,-6.883
0,-5.173
0,-7.632
2,-12.042
1,-20.18
0,-5.106
0,-8.173
0,-7.284
0,-8.424
0,-8.586
2,-11.601
0,-8.016
0,-8.712
2,-11.252
0,-9.213
2,-17.222
0,-8.907
2,-12.43
0,-6.605
0,-6.301
0,-9.881
0,-9.256
2,-13.551
2,-13.277
1,-19.24
2,-12.324
0,-9.013
0,-7.548
0,-5.852
2,-15.406
0,-8.287
0,-5.414
0,-5.763
2,-12.565
2,-14.647
2,-14.663
1,-19.569
2,-10.015
2,-12.473
0,-8.006
2,-14.179
2,-10.06
0,-6.986
2,-12.972
0,-5.404
0,-4.786
1,-26.343
2,-11.291
1,-17.958
0,-8.383
2,-13.05
0,-4.045
0,-7.119
2,-10.527
0,-9.087
1,-20.696
0,-4.422
0,-5.041
0,-8.895
0,-9.219
2,-10.846
0,-5.202
2,-12.37
2,-11.477
2,-11.661
1,-28.475
0,-3.492
0,-5.698
0,-5.429
2,-11.552
2,-10.201
0,-4.199
0,-9.516
0,-8.758
2,-12.987
2,-16.389
0,-6.176
2,-13.141
2,-14.031
0,-6.033
0,-6.338
2,-15.015
2,-12.347
0,-6.453
0,-6.826
0,-8.096
2,-13.818
0,-9.813
2,-10.38
2,-13.805
0,-6.574
2,-10.247
2,-13.321
0,-2.45
2,-12.852
0,-8.92
2,-12.209
0,-8.913
0,-3.237
0,-5.356
0,-7.164
0,-7.343
2,-10.012
2,-16.196
2,-15.161
2,-16.41
0,-7.594
0,-5.92
2,-13.891
0,-3.723
0,-4.392
2,-14.218
0,-8.844
0,-8.508
0,-8.178
0,-6.265
0,-6.421
2,-16.468
0,-6.735
2,-11.106
0,-4.439
2,-12.797
2,-16.241
0,-9.31
0,-5.612
0,-3.382
2,-16.376
1,-20.832
2,-13.753
1,-34.703
0,-6.477
0,-7.045
2,-11.241
0,-9.199
2,-12.611
0,-7.29
1,-19.76
2,-14.393
1,-20.444
2,-12.637
0,-6.671
0,-6.216
0,-4.003
0,-7.359
0,-7.42
0,-5.355
2,-12.891
0,-8.26
0,-8.238
1,-21.997
0,-4.487
2,-16.077
1,-19.87
0,-6.572
0,-4.773
0,-7.716
0,-7.632
0,-6.209
0,-8.882
2,-15.314
2,-10.69
0,-9.472
2,-12.172
2,-10.786
0,-7.986
0,-4.833
2,-17.772
2,-10.575
0,-9.224
1,-24.773
0,-4.952
0,-3.8
2,-17.472
0,-5.967
0,-9.035
2,-11.96
0,-5.15
0,-6.862
2,-15.644
2,-13.341
2,-15.605
0,-7.64
0,-3.198
0,-8.228
0,-6.621
0,-8.274
2,-11.19
0,-6.994
1,-29.692
0,-6.51
0,-5.19
0,-8.341
0,-6.465
2,-10.481
0,-8.637
1,-19.368
2,-10.164
2,-11.854
0,-2.323
2,-9.89
2,-11.777
2,-11.74
2,-12.354
0,-5.477
0,-7.884
2,-15.404
1,-18.086
0,-6.186
2,-16.765
2,-13.397
0,-4.061
2,-10.815
2,-11.58
2,-17.13
0,-6.828
1,-20.174
2,-13.486
2,-10.913
0,-8.559
0,-8.328
0,-3.963
0,-7.848
0,-5.745
0,-6.962
0,-7.094
0,-5.851
0,-5.626
2,-14.904
0,-2.93
2,-13.391
0,-3.663
0,-8.885
0,-7.294
1,-25.585
0,-3.693
2,-11.101
0,-9.041
2,-16.067
1,-19.751
0,-8.966
2,-14.058
2,-14.213
0,-6.547
0,-7.341
1,-21.858
2,-12.634
0,-8.64
0,-9.295
0,-8.502
2,-11.126
2,-14.1
2,-14.199
0,-3.599
0,-4.533
0,-5.73
2,-16.055
0,-9.429
0,-8.285
0,-5.251
2,-11.331
2,-16.375
2,-17.532
2,-10.791
0,-4.678
2,-11.104
0,-9.23
1,-22.088
1,-19.736
2,-12.067
0,-9.873
2,-14.467
0,-7.121
0,-6.618
0,-9.805
2,-11.906
2,-12.483
2,-14.799
0,-5.184
0,-9.027
0,-8.06
2,-10.96
0,-6.57
0,-7.012
0,-7.345
0,-8.107
0,-7.295
0,-9.793
0,-9.322
0,-7.077
2,-16.889
0,-9.109
0,-6.042
2,-9.992
0,-3.353
0,-5.299
0,-6.359
0,-4.092
0,-8.755
0,-8.901
2,-10.242
0,-8.15
2,-10.537
0,-5.074
2,-15.893
2,-14.361
1,-22.272
2,-11.556
0,-5.958
2,-12.935
2,-12.325
0,-7.638
0,-2.895
2,-13.422
1,-18.338
2,-17.425
0,-4.665
1,-34.033
2,-14.173
0,-9.505
2,-12.26
1,-18.025
0,-4.459
1,-23.549
0,-3.67
0,-3.809
0,-4.403
2,-15.712
2,-12.745
2,-13.358
0,-9.333
0,-2.713
2,-15.354
0,-8.498
0,-5.729
2,-17.081
2,-17.186
2,-13.983
0,-8.525
0,-6.72
0,-3.8
0,-6.778
0,-6.611
0,-4.333
0,-8.977
1,-22.645
0,-6.965
2,-11.368
1,-20.575
0,-8.963
1,-23.155
0,-9.215
2,-15.45
0,-2.182
2,-11.51
0,-6.076
2,-12.011
0,-5.319
2,-12.439
0,-3.478
0,-2.973
0,-5.631
2,-12.008
2,-14.808
0,-9.104
2,-11.401
0,-8.078
0,-8.667
0,-4.774
0,-8.948
0,-5.92
0,-8.147
2,-17.83
0,-8.592
1,-20.142
0,-6.297
0,-8.087
2,-14.977
0,-3.394
2,-12.338
0,-7.3
1,-18.105
0,-6.962
0,-9.573
2,-12.455
1,-26.997
2,-16.372
2,-10.596
0,-7.551
1,-20.524
2,-16.683
2,-17.518
0,-2.98
0,-8.7
0,-6.36
2,-12.407
0,-5.145
2,-13.214
2,-10.27
2,-14.562
2,-10.091
0,-4.347
0,-4.309
0,-9.722
0,-7.242
0,-8.419
2,-13.589
1,-20.373
2,-12.626
0,-8.278
0,-9.134
0,-7.51
2,-11.257
2,-12.831
1,-20.819
2,-13.558
2,-17.896
2,-12.066
1,-21.63
0,-9.783
2,-11.005
2,-14.38
2,-13.411
0,-8.522
0,-5.094
2,-10.906
0,-7.817
2,-13.818
0,-5.145
0,-6.893
0,-8.299
2,-10.061
0,-5.0
0,-8.072
1,-19.544
2,-10.401
1,-23.815
2,-9.909
2,-12.584
0,-9.86
2,-10.478
2,-9.95
0,-9.224
2,-13.01
0,-4.357
0,-9.606
0,-6.259
0,-5.099
0,-9.71
2,-10.587
1,-35.702
2,-11.009
0,-5.045
0,-8.688
2,-13.577
0,-4.912
0,-4.739
2,-10.19
0,-6.586
2,-13.149
2,-10.771
0,-6.209
0,-5.497
0,-4.017
2,-11.552
2,-12.446
0,-8.925
0,-5.893
2,-11.485
2,-10.011
2,-12.469
2,-14.957
0,-5.167
0,-3.761
0,-8.183
2,-11.786
0,-8.066
0,-8.351
2,-12.581
2,-12.256
2,-10.256
0,-4.625
1,-28.346
2,-13.807
0,-9.29
0,-4.277
0,-7.219
1,-18.473
0,-4.63
0,-7.717
0,-8.523
2,-14.328
2,-16.934
0,-3.968
2,-13.644
0,-9.422
0,-6.682
0,-4.014
2,-11.718
2,-11.957
0,-9.803
2,-10.715
2,-11.91
2,-13.743
0,-4.866
0,-7.113
0,-7.736
0,-6.852
0,-5.603
0,-5.247
0,-5.031
2,-10.294
0,-3.889
2,-10.203
2,-17.471
0,-5.659
2,-15.498
2,-10.328
2,-16.165
0,-8.085
0,-6.407
0,-3.211
0,-6.924
2,-13.666
2,-12.144
0,-4.442
2,-16.486
2,-11.3
0,-8.706
0,-9.502
2,-12.121
0,-6.966
0,-8.273
0,-5.833
0,-7.239
0,-5.676
0,-7.075
2,-11.14
0,-5.189
0,-7.033
0,-4.116
0,-9.464
0,-8.89
0,-7.255
0,-4.694
2,-16.407
0,-8.674
2,-13.522
2,-14.361
2,-10.288
0,-9.298
2,-11.613
2,-17.214
0,-7.401
0,-7.893
0,-5.563
2,-15.018
0,-8.654
2,-12.158
2,-10.215
0,-7.597
2,-13.915
2,-10.187
0,-8.247
0,-9.368
2,-13.533
2,-12.307
0,-7.495
2,-13.476
2,-11.383
1,-22.803
0,-8.415
0,-7.896
2,-11.958
0,-4.242
0,-6.102
0,-8.556
0,-2.191
2,-16.589
0,-4.296
0,-5.315
2,-14.573
2,-12.546
2,-10.295
2,-13.515
2,-11.852
0,-6.18
0,-3.765
1,-20.142
0,-6.811
0,-5.142
0,-6.115
2,-10.133
0,-7.078
2,-16.45
2,-15.121
2,-11.031
0,-3.6
2,-13.484
1,-26.393
2,-11.378
2,-15.953
0,-8.086
2,-10.166
0,-8.884
0,-6.917
2,-11.514
2,-12.421
1,-18.626
0,-9.642
2,-11.749
2,-12.921
0,-4.942
0,-9.423
2,-10.879
0,-7.465
2,-16.71
2,-13.434
2,-11.29
0,-7.301
0,-8.763
0,-6.367
0,-3.237
2,-15.242
0,-5.973
0,-2.741
0,-1.927
0,-6.986
0,-2.988
0,-4.602
0,-4.556
2,-10.453
2,-16.865
2,-13.706
1,-18.054
0,-9.451
0,-9.366
0,-9.733
0,-8.158
2,-13.758
2,-10.525
0,-9.279
0,-6.378
0,-5.227
1,-24.98
0,-5.911
2,-10.65
1,-20.499
2,-10.152
2,-12.118
0,-7.033
2,-13.322
2,-17.9
0,-7.797
0,-8.518
2,-12.346
2,-10.285
0,-7.494
2,-10.412
1,-19.963
2,-13.143
0,-8.209
2,-11.428
1,-18.581
1,-18.7
2,-13.006
1,-22.104
1,-20.536
1,-22.517
0,-5.676
2,-10.67
1,-19.64
1,-22.384
2,-12.283
0,-6.183
0,-6.99
2,-10.386
0,-7.446
0,-4.098
0,-3.587
0,-8.366
0,-4.029
0,-3.378
2,-12.908
1,-19.633
0,-3.246
0,-9.559
1,-25.678
0,-8.662
2,-10.919
0,-5.992
0,-6.924
0,-9.13
0,-9.532
2,-12.577
1,-26.356
0,-8.666
0,-8.202
0,-4.618
1,-18.169
2,-13.027
0,-5.75
0,-5.938
0,-7.83
0,-3.132
0,-7.831
0,-8.987
0,-6.364
0,-7.884
2,-15.069
0,-5.16
1,-33.595
0,-7.144
2,-16.325
0,-9.116
0,-6.222
1,-23.69
2,-12.246
2,-11.403
2,-16.21
2,-13.705
0,-3.424
2,-11.037
1,-18.341
0,-9.675
0,-9.249
0,-5.485
2,-13.306
0,-5.777
0,-4.772
0,-4.732
2,-11.937
2,-14.117
0,-8.416
1,-18.321
2,-14.511
1,-19.852
0,-4.594
2,-13.711
0,-5.39
0,-6.031
0,-7.107
2,-17.81
0,-6.144
2,-12.715
2,-13.136
0,-3.165
0,-7.589
0,-7.874
0,-3.868
0,-5.837
0,-4.601
1,-20.848
0,-6.111
0,-9.384
2,-16.151
0,-6.497
0,-5.88
2,-12.174
2,-10.084
0,-8.812
2,-17.014
0,-4.638
0,-7.454
0,-7.437
2,-14.175
0,-6.949
2,-11.685
2,-11.319
0,-8.452
0,-7.918
1,-18.466
0,-8.278
2,-15.303
1,-21.036
0,-6.752
0,-7.629
2,-10.744
2,-12.493
0,-5.863
0,-9.6
0,-9.06
0,-5.376
0,-6.485
0,-5.625
2,-11.539
2,-13.615
0,-9.66
0,-5.914
0,-6.637
0,-5.057
2,-10.601
0,-5.536
2,-16.261
0,-5.532
2,-14.682
0,-9.244
0,-9.147
0,-7.803
0,-6.367
2,-16.397
2,-10.561
0,-5.001
0,-7.35
1,-24.877
2,-12.643
1,-18.891
0,-7.249
0,-9.535
2,-14.554
2,-14.701
0,-8.392
2,-10.825
0,-5.317
0,-3.426
1,-24.321
1,-21.585
2,-13.005
0,-6.213
0,-8.017
0,-6.299
0,-3.38
1,-30.978
2,-14.243
0,-7.414
2,-11.19
2,-10.87
0,-2.445
2,-17.712
1,-22.214
2,-11.693
2,-12.198
1,-19.933
0,-6.984
2,-14.835
0,-4.002
0,-6.02
1,-19.583
2,-9.974
0,-6.144
1,-19.052
1,-22.737
2,-10.033
2,-11.425
0,-7.807
2,-13.533
1,-23.366
0,-9.314
2,-12.246
0,-8.592
2,-12.373
2,-14.881
1,-32.637
2,-10.22
0,-5.98
0,-9.657
2,-12.785
0,-3.879
2,-13.434
0,-9.868
0,-5.439
2,-17.382
2,-12.625
2,-11.622
2,-15.909
0,-6.22
2,-10.203
0,-7.293
0,-9.475
0,-8.626
2,-16.205
0,-8.704
1,-30.381
2,-11.128
0,-9.217
1,-27.885
0,-5.939
0,-3.053
2,-11.897
0,-8.602
2,-9.989
2,-12.054
0,-3.926
2,-14.587
0,-6.779
2,-14.886
0,-6.79
0,-5.174
2,-15.006
0,-8.361
0,-4.456
2,-10.501
0,-5.821
0,-9.433
2,-11.123
0,-5.732
2,-17.746
2,-14.665
0,-6.951
2,-11.926
0,-5.065
0,-6.743
2,-15.636
0,-6.088
2,-15.016
0,-3.764
0,-8.742
0,-7.329
1,-19.897
0,-3.638
0,-5.054
0,-6.905
1,-18.34
1,-25.368
1,-23.893
2,-14.767
2,-11.783
2,-14.712
2,-12.665
0,-6.634
1,-24.57
2,-15.336
0,-6.426
0,-4.993
0,-7.016
2,-12.569
0,-6.156
2,-11.68
1,-21.685
2,-10.432
2,-17.045
0,-3.082
2,-13.839
0,-7.181
2,-15.493
2,-12.652
2,-9.969
0,-7.093
0,-9.329
2,-15.202
0,-4.776
2,-12.398
2,-12.546
2,-15.987
0,-5.047
2,-13.331
2,-15.912
0,-7.769
0,-8.441
0,-5.033
0,-5.068
0,-5.621
2,-12.955
2,-16.459
0,-3.775
1,-17.962
2,-14.658
0,-4.774
2,-10.901
0,-2.904
0,-5.688
0,-6.424
2,-12.686
0,-6.453
0,-7.225
0,-4.429
0,-8.681
0,-9.225
0,-8.537
2,-12.928
2,-14.807
0,-6.845
1,-20.578
2,-14.135
0,-9.233
2,-16.866
2,-10.249
1,-22.659
0,-5.995
2,-10.499
1,-47.664
0,-8.723
0,-6.071
0,-6.56
0,-8.732
0,-7.625
1,-24.953
0,-7.475
0,-7.992
0,-5.815
2,-10.509
2,-12.892
0,-6.353
2,-16.657
2,-12.515
2,-16.007
1,-25.395
0,-5.384
0,-8.691
2,-13.459
0,-9.437
0,-6.803
2,-13.567
2,-13.207
0,-7.554
1,-23.964
2,-11.467
0,-6.304
0,-5.535
1,-19.995
0,-5.641
2,-11.367
2,-10.981
1,-20.335
2,-10.012
0,-8.873
2,-13.795
0,-7.659
0,-4.373
0,-4.78
0,-4.314
2,-10.415
2,-11.085
0,-2.664
2,-11.814
2,-11.498
2,-12.778
0,-5.765
0,-3.432
0,-3.832
0,-6.612
2,-13.718
2,-10.372
0,-9.341
2,-16.673
0,-5.766
0,-6.079
0,-9.018
2,-10.985
0,-6.738
0,-8.665
2,-14.945
0,-7.311
0,-6.692
0,-6.21
2,-13.298
0,-8.101
2,-9.951
0,-9.781
2,-10.638
0,-4.793
2,-14.873
0,-3.848
0,-7.085
0,-7.204
1,-24.2
0,-5.278
2,-10.133
0,-7.788
2,-12.039
2,-14.579
2,-14.953
0,-6.916
2,-12.215
0,-5.17
2,-10.216
2,-10.03
0,-3.628
0,-7.261
2,-16.111
0,-6.036
0,-6.116
0,-4.925
0,-9.063
1,-21.498
2,-12.88
2,-14.977
0,-9.801
0,-9.22
0,-5.572
0,-4.224
2,-11.38
0,-8.173
2,-10.733
2,-17.549
2,-11.924
0,-5.585
2,-16.521
0,-7.105
2,-12.237
0,-8.112
2,-14.375
0,-6.094
2,-14.476
2,-12.838
1,-28.107
0,-7.275
0,-9.715
0,-9.432
0,-6.016
2,-15.413
2,-15.71
2,-10.942
0,-6.429
2,-10.086
0,-6.205
2,-17.15
0,-4.316
2,-10.672
2,-10.329
2,-12.504
0,-8.299
2,-12.383
0,-6.635
0,-5.013
0,-5.192
0,-7.57
0,-6.398
0,-8.707
2,-14.886
2,-13.683
2,-13.362
0,-8.17
2,-10.069
0,-3.616
2,-13.637
0,-5.497
0,-5.2
0,-7.992
0,-5.627
2,-10.047
2,-10.814
2,-11.314
0,-3.853
2,-13.135
1,-22.729
0,-6.538
2,-14.922
2,-15.673
0,-9.1
1,-22.115
0,-8.951
0,-5.24
1,-24.705
2,-13.467
0,-6.648
0,-9.285
2,-17.172
1,-20.865
0,-6.29
0,-9.592
2,-11.907
0,-4.017
0,-7.425
0,-7.822
2,-11.943
2,-10.937
2,-10.742
0,-3.902
0,-7.071
2,-10.239
0,-5.533
0,-8.789
2,-15.963
0,-3.892
2,-13.015
2,-10.635
0,-8.932
0,-8.579
0,-4.316
0,-5.95
0,-7.98
0,-6.644
2,-12.16
0,-3.786
0,-8.744
2,-10.22
1,-18.149
0,-6.382
2,-11.922
0,-6.566
1,-22.073
1,-21.08
2,-12.518
0,-6.83
2,-10.29
0,-5.202
1,-19.514
0,-6.55
2,-9.926
0,-3.139
0,-8.801
0,-9.062
0,-7.477
0,-6.108
1,-20.607
2,-16.333
0,-6.454
2,-12.685
0,-5.983
2,-10.516
0,-6.953
2,-15.857
2,-14.373
0,-9.429
2,-14.853
0,-6.623
0,-7.597
2,-11.947
2,-17.462
0,-5.228
0,-3.731
0,-6.214
0,-9.089
0,-1.545
0,-8.961
2,-16.394
2,-11.302
0,-9.29
2,-14.3
0,-6.787
2,-10.499
0,-5.095
2,-13.691
0,-6.635
0,-6.562
0,-6.736
0,-8.148
0,-7.921
0,-4.222
2,-10.44
0,-7.349
2,-12.632
2,-11.368
0,-4.063
0,-6.914
0,-8.232
1,-18.516
0,-6.68
0,-7.387
2,-15.442
0,-4.978
0,-6.195
2,-16.489
2,-14.946
0,-7.284
0,-2.801
0,-8.166
2,-17.325
0,-4.283
0,-8.648
0,-7.092
1,-23.461
0,-6.674
2,-12.27
2,-11.516
0,-4.675
0,-7.499
0,-6.533
0,-6.211
1,-19.449
0,-8.294
0,-6.898
2,-16.111
0,-7.038
2,-14.165
2,-14.023
0,-3.697
0,-6.945
0,-5.956
0,-2.019
0,-8.451
2,-11.918
1,-20.975
0,-6.888
0,-9.38
1,-19.775
0,-5.772
2,-13.474
0,-9.158
0,-4.144
0,-6.155
0,-5.663
0,-5.544
0,-6.626
0,-3.087
1,-18.803
2,-10.447
2,-15.163
2,-13.213
0,-7.54
0,-7.114
0,-9.317
2,-13.959
0,-8.593
1,-28.231
0,-9.349
0,-5.688
0,-5.943
2,-12.253
2,-16.062
1,-20.958
2,-12.0
2,-16.137
2,-13.404
0,-4.754
0,-9.635
0,-6.728
0,-6.735
2,-17.629
2,-16.156
2,-10.377
2,-13.556
2,-10.401
2,-14.181
0,-9.059
2,-12.682
2,-11.613
2,-16.678
2,-16.275
1,-21.418
2,-10.19
2,-13.61
0,-5.827
0,-4.367
0,-3.542
1,-19.99
0,-9.77
0,-8.648
0,-3.846
2,-12.831
2,-15.775
0,-6.023
2,-14.668
2,-14.481
0,-7.828
0,-6.092
2,-15.608
0,-7.236
0,-2.224
2,-11.058
1,-25.895
0,-9.785
2,-9.915
2,-14.863
0,-5.47
0,-8.913
2,-11.017
2,-11.255
1,-28.19
2,-15.615
1,-23.966
2,-17.664
0,-8.511
0,-5.059
0,-6.769
0,-6.62
0,-4.347
0,-9.3
0,-9.663
2,-14.946
0,-5.22
0,-5.411
2,-11.714
2,-10.062
0,-8.962
2,-12.411
2,-9.923
0,-6.497
0,-8.298
2,-12.957
0,-3.586
2,-17.452
1,-23.476
0,-9.236
0,-7.492
0,-9.644
0,-6.672
2,-12.69
0,-8.918
0,-6.293
2,-17.825
0,-5.981
0,-8.702
2,-12.324
2,-15.429
2,-14.431
0,-6.857
2,-10.204
0,-9.392
0,-5.587
2,-15.913
0,-7.172
2,-10.899
2,-10.427
2,-12.114
2,-10.095
0,-9.64
2,-10.753
2,-16.169
0,-9.784
0,-5.654
0,-7.628
0,-5.475
2,-10.235
2,-11.415
1,-23.876
0,-4.818
1,-28.506
0,-6.223
1,-30.14
2,-16.252
0,-9.32
2,-12.653
0,-9.059
0,-6.779
2,-13.657
0,-6.604
2,-11.121
0,-5.856
0,-9.568
2,-11.08
0,-9.113
0,-9.379
0,-7.532
2,-17.877
0,-5.136
0,-7.018
0,-8.265
0,-5.051
0,-7.798
0,-7.807
2,-10.591
0,-6.788
0,-4.843
2,-14.419
2,-13.308
2,-12.744
0,-8.209
0,-2.588
2,-12.031
2,-12.671
2,-10.325
0,-5.022
0,-7.461
2,-11.339
1,-22.504
0,-9.801
0,-5.956
1,-22.71
2,-13.018
0,-4.136
2,-10.702
0,-5.382
2,-13.984
0,-4.176
0,-6.804
2,-10.208
0,-7.825
0,-4.651
1,-19.944
2,-12.187
0,-3.492
2,-11.112
2,-10.097
0,-6.87
0,-9.214
0,-8.796
0,-8.978
2,-9.947
2,-10.085
1,-20.282
0,-3.46
1,-24.327
2,-14.794
0,-4.475
2,-11.242
0,-7.422
2,-10.996
0,-8.527
2,-13.506
0,-6.615
2,-11.053
0,-3.93
0,-4.762
0,-9.737
2,-17.913
0,-7.941
0,-9.632
2,-13.095
2,-11.382
0,-6.885
2,-12.35
0,-7.613
0,-5.602
2,-10.181
0,-3.229
0,-9.339
0,-6.57
2,-17.495
2,-10.33
0,-9.716
1,-18.526
0,-5.345
0,-5.516
0,-7.253
0,-7.737
2,-10.696
0,-8.029
0,-6.433
0,-7.453
0,-8.4
0,-3.858
0,-8.688
2,-14.527
0,-8.19
0,-8.456
2,-11.326
0,-6.41
1,-25.038
2,-15.469
0,-8.71
0,-4.744
2,-10.304
2,-12.359
2,-10.647
0,-7.917
0,-5.715
0,-7.661
0,-5.063
0,-9.406
0,-5.15
2,-10.095
0,-4.43
2,-12.42
2,-11.813
0,-8.238
1,-18.203
2,-10.133
0,-9.584
1,-19.488
0,-8.775
0,-6.929
0,-8.958
0,-5.811
0,-3.798
0,-3.684
2,-13.339
0,-3.523
1,-19.174
2,-11.865
0,-9.876
0,-6.84
0,-8.215
0,-6.894
0,-4.598
1,-26.7
0,-5.93
0,-8.817
0,-6.164
0,-7.345
0,-3.737
0,-6.425
1,-22.788
0,-5.651
2,-10.853
0,-6.267
2,-15.545
2,-10.915
0,-7.993
2,-13.575
2,-12.941
2,-17.379
0,-4.528
0,-9.637
0,-7.111
2,-17.88
0,-6.776
0,-4.04
2,-12.15
2,-17.309
2,-13.06
2,-13.713
2,-13.056
0,-7.322
1,-25.431
2,-12.219
0,-7.792
0,-5.074
2,-10.211
0,-9.588
2,-16.016
0,-9.865
0,-8.476
0,-3.976
0,-4.852
2,-11.706
0,-9.503
2,-12.738
0,-5.278
0,-8.879
2,-10.258
0,-8.038
1,-18.183
0,-4.883
0,-7.254
2,-16.409
0,-3.523
1,-51.643
0,-3.574
0,-6.171
2,-11.292
1,-30.22
0,-5.426
2,-13.379
1,-25.26
0,-5.322
0,-4.12
0,-9.049
1,-22.504
0,-5.172
2,-13.139
1,-20.869
2,-16.865
0,-6.295
1,-18.909
2,-14.89
2,-11.723
0,-9.329
0,-4.133
2,-14.094
0,-4.962
0,-6.806
2,-14.677
0,-5.443
0,-7.46
2,-11.607
0,-6.737
2,-16.104
0,-7.269
0,-8.01
2,-16.479
0,-4.252
2,-12.005
0,-7.92
2,-12.013
1,-18.692
0,-9.864
2,-15.086
0,-7.611
1,-20.496
0,-5.677
1,-20.856
2,-13.12
0,-9.515
1,-19.938
0,-4.071
1,-21.533
1,-19.597
0,-9.302
0,-9.631
2,-16.079
0,-7.444
0,-6.491
1,-27.016
2,-10.004
0,-7.928
2,-12.409
2,-12.81
2,-12.778
1,-23.538
0,-7.573
2,-13.142
1,-18.681
0,-3.564
2,-10.223
2,-13.505
0,-7.669
0,-4.544
1,-18.312
2,-14.064
0,-5.266
0,-7.949
0,-7.441
0,-8.797
0,-6.232
0,-9.663
2,-11.553
0,-8.977
0,-6.824
0,-3.544
2,-15.193
2,-12.472
0,-8.48
2,-16.086
0,-9.068
2,-11.373
0,-4.556
2,-10.034
2,-10.3
2,-13.342
0,-7.409
0,-6.821
0,-4.634
0,-7.136
2,-13.389
0,-8.762
0,-9.727
0,-7.265
0,-9.795
2,-12.135
0,-5.48
0,-9.464
0,-2.785
0,-6.862
0,-5.597
0,-8.005
0,-7.76
0,-6.8
1,-24.25
0,-5.53
0,-5.516
0,-4.662
2,-12.246
0,-9.655
2,-17.112
2,-9.985
2,-14.155
0,-8.692
0,-9.711
2,-11.079
2,-14.586
0,-5.059
0,-8.726
0,-8.043
0,-3.813
2,-13.306
2,-10.744
2,-10.566
0,-5.953
0,-3.487
2,-16.031
0,-4.799
0,-5.402
0,-6.536
0,-9.089
2,-9.925
2,-10.383
2,-11.655
2,-11.689
0,-7.958
2,-10.269
0,-5.021
0,-6.748
0,-2.267
0,-7.852
0,-3.92
2,-15.226
1,-24.436
0,-5.743
0,-8.601
1,-31.982
2,-15.506
0,-7.34
2,-12.455
0,-6.697
2,-11.315
0,-8.768
1,-29.331
0,-5.552
0,-9.764
0,-5.93
0,-6.772
0,-9.436
0,-8.951
0,-5.382
2,-14.15
2,-15.82
2,-13.559
2,-11.73
0,-6.464
1,-22.812
0,-6.305
2,-10.447
2,-13.54
0,-8.23
0,-3.73
0,-3.901
2,-10.512
0,-8.242
0,-8.226
2,-12.417
0,-5.919
0,-9.36
0,-7.008
2,-11.011
2,-15.329
0,-6.954
0,-9.767
0,-5.028
2,-14.803
2,-10.688
0,-7.06
2,-13.053
2,-15.202
1,-18.206
0,-4.907
2,-13.232
0,-5.3
2,-17.604
2,-11.603
2,-11.878
0,-7.303
0,-5.179
0,-3.326
1,-26.045
0,-4.504
0,-4.701
2,-10.613
0,-4.934
0,-9.38
0,-5.282
2,-12.982
1,-32.742
0,-4.938
1,-30.893
0,-7.414
2,-12.217
2,-14.759
1,-30.894
2,-13.339
1,-18.524
0,-6.084
0,-5.199
0,-8.011
1,-23.03
2,-11.813
0,-8.239
0,-7.158
0,-6.335
0,-8.596
1,-24.802
0,-9.754
2,-12.896
0,-8.368
0,-8.198
0,-4.044
2,-10.352
2,-11.595
0,-5.767
2,-16.297
0,-4.183
0,-7.432
2,-12.142
0,-3.856
0,-8.853
2,-10.05
0,-6.249
0,-6.352
2,-11.522
0,-6.024
0,-8.089
1,-32.339
2,-11.575
0,-7.329
2,-15.402
1,-24.516
2,-13.419
1,-18.379
0,-9.832
0,-8.328
2,-15.545
0,-3.05
0,-9.628
2,-13.473
2,-11.761
0,-8.744
0,-9.356
0,-7.098
0,-3.865
2,-11.88
2,-10.294
2,-12.882
0,-9.831
2,-12.652
0,-9.699
0,-9.269
0,-5.239
2,-10.951
0,-4.85
0,-7.881
0,-5.019
0,-7.807
0,-6.863
2,-14.751
2,-12.534
2,-12.924
0,-3.698
2,-11.554
0,-7.257
2,-11.437
2,-15.145
0,-9.885
2,-10.321
0,-9.625
0,-8.573
0,-5.072
0,-9.314
2,-16.794
0,-4.522
0,-4.297
0,-6.991
0,-4.984
0,-5.534
2,-11.528
0,-9.4
2,-10.849
0,-7.971
0,-5.21
2,-17.729
0,-4.985
0,-7.854
0,-9.612
1,-26.589
0,-9.787
0,-5.439
0,-2.388
2,-10.868
2,-12.853
0,-5.74
2,-17.604
2,-11.743
0,-9.462
2,-14.36
0,-7.128
2,-10.322
0,-8.482
2,-14.748
0,-4.373
0,-9.279
1,-19.61
2,-11.719
0,-6.351
0,-5.791
2,-17.08
0,-6.318
0,-6.051
0,-6.581
0,-6.467
0,-5.756
2,-10.155
2,-13.749
2,-11.518
0,-9.698
2,-12.055
2,-14.441
2,-13.04
0,-5.536
0,-3.263
2,-12.287
2,-13.637
0,-3.092
0,-9.58
2,-12.995
0,-4.058
2,-12.502
0,-7.49
0,-5.634
0,-4.6
2,-15.263
1,-18.623
2,-14.727
0,-8.183
2,-12.945
2,-14.853
0,-9.458
0,-8.978
0,-8.549
2,-10.747
2,-10.017
1,-22.102
0,-8.644
0,-5.519
0,-4.422
2,-11.164
0,-6.305
1,-20.754
0,-7.786
0,-8.821
0,-7.423
0,-8.669
0,-7.545
0,-4.526
2,-10.11
1,-37.456
2,-10.258
2,-11.603
2,-15.965
2,-10.267
0,-7.009
1,-21.782
1,-23.367
0,-9.162
2,-17.399
0,-6.523
2,-15.933
0,-5.797
2,-11.366
0,-4.991
0,-9.132
2,-13.615
0,-6.355
0,-6.291
2,-14.401
2,-16.858
2,-13.075
0,-7.325
2,-13.717
0,-5.157
2,-11.145
0,-8.165
0,-6.309
1,-24.838
0,-5.121
0,-4.011
0,-3.373
1,-26.597
0,-9.053
0,-9.823
2,-10.66
0,-5.928
0,-4.954
1,-23.44
2,-12.172
0,-6.444
1,-21.779
0,-6.435
2,-11.197
0,-1.714
2,-11.864
0,-9.224
0,-5.01
2,-11.335
2,-17.289
2,-11.524
2,-11.32
0,-1.81
2,-16.831
2,-15.685
0,-6.005
0,-5.643
2,-16.311
0,-6.182
2,-15.05
0,-6.581
2,-10.176
0,-6.893
2,-11.973
1,-18.57
0,-8.441
2,-11.824
2,-16.554
0,-7.75
0,-7.699
0,-8.435
0,-8.431
2,-11.724
2,-9.91
2,-11.922
2,-10.368
0,-3.574
0,-8.988
0,-5.971
2,-15.37
2,-15.757
2,-11.101
0,-5.197
2,-11.372
0,-9.623
0,-9.399
0,-5.958
0,-3.834
2,-12.668
0,-7.562
0,-6.027
2,-12.004
2,-15.717
2,-10.824
0,-7.184
0,-8.46
2,-11.582
0,-6.719
2,-14.837
2,-12.043
0,-5.58
2,-15.059
1,-29.793
2,-12.23
2,-10.466
2,-17.548
0,-8.139
0,-9.255
0,-4.101
2,-11.59
2,-10.487
0,-9.376
2,-14.927
0,-7.288
2,-12.914
0,-3.573
0,-8.2
2,-14.29
0,-5.94
2,-12.205
2,-10.713
0,-5.983
0,-6.693
0,-2.874
2,-12.861
0,-5.176
2,-12.28
2,-10.423
0,-8.717
0,-9.322
0,-6.758
0,-6.828
0,-7.272
2,-12.02
2,-17.154
0,-9.085
0,-8.02
0,-6.319
2,-10.831
0,-9.847
2,-11.638
0,-4.964
2,-11.143
2,-12.399
0,-6.472
0,-4.203
2,-10.694
2,-12.299
2,-11.462
2,-14.434
0,-7.498
0,-7.046
2,-11.202
2,-17.855
0,-8.914
0,-7.109
2,-11.036
0,-9.37
0,-5.296
1,-19.304
0,-8.294
0,-6.458
2,-13.51
0,-8.338
0,-9.188
1,-18.826
0,-9.276
0,-5.547
0,-6.282
2,-11.49
0,-5.328
0,-8.184
2,-17.312
2,-10.212
2,-10.141
2,-10.26
0,-8.701
2,-11.695
2,-11.504
0,-5.136
0,-7.449
0,-9.232
0,-4.751
0,-6.412
2,-12.361
0,-7.566
2,-15.59
0,-4.462
0,-9.635
0,-4.571
0,-7.076
2,-12.876
0,-8.737
0,-8.733
2,-11.841
2,-12.1
2,-11.451
0,-8.414
0,-7.507
0,-7.805
0,-4.196
0,-9.793
2,-11.642
0,-6.246
0,-8.38
1,-19.634
2,-13.152
0,-7.272
2,-11.052
0,-7.618
2,-12.869
0,-3.199
0,-6.248
0,-9.088
0,-8.809
2,-11.194
2,-17.955
2,-11.542
1,-20.698
2,-10.15
0,-5.155
2,-15.417
0,-6.724
2,-11.647
0,-8.901
0,-7.722
2,-10.977
0,-4.068
0,-7.457
0,-9.878
2,-14.363
2,-10.688
0,-4.671
2,-12.941
0,-5.071
2,-17.85
2,-14.03
0,-2.255
0,-3.201
0,-9.006
0,-7.397
0,-4.186
2,-12.585
2,-12.274
0,-3.16
2,-12.685
0,-5.415
2,-15.508
2,-12.22
0,-8.071
2,-15.732
0,-6.097
1,-24.012
0,-8.596
2,-10.323
0,-3.183
0,-7.618
1,-20.845
2,-12.125
0,-4.815
0,-7.721
0,-8.127
0,-6.918
0,-9.05
1,-31.109
0,-6.803
2,-12.692
2,-14.72
1,-33.662
2,-17.1
2,-13.822
0,-7.773
0,-7.097
1,-23.949
2,-13.45
0,-6.138
0,-4.656
0,-4.385
1,-21.011
2,-11.835
2,-10.803
1,-20.055
2,-11.136
2,-12.492
0,-5.807
0,-8.123
0,-4.999
2,-16.855
2,-12.647
1,-18.628
0,-6.703
0,-4.58
2,-16.481
2,-13.873
0,-7.856
0,-8.999
0,-6.368
0,-5.872
0,-5.62
0,-9.816
2,-9.917
0,-8.736
0,-5.559
2,-15.019
0,-3.825
0,-5.01
2,-16.104
2,-10.915
0,-5.135
0,-4.107
2,-13.286
2,-14.259
2,-10.305
0,-5.338
2,-10.674
0,-9.163
0,-5.325
0,-8.351
2,-10.953
0,-6.787
0,-8.03
0,-7.399
2,-13.879
2,-13.54
2,-14.635
2,-11.345
0,-7.227
2,-12.863
0,-8.491
0,-8.648
2,-12.469
0,-9.465
2,-13.017
1,-20.931
2,-16.764
2,-12.138
2,-11.688
2,-12.441
0,-4.097
0,-9.713
0,-6.179
0,-5.922
1,-19.662
2,-14.676
2,-10.381
0,-9.285
2,-13.012
0,-1.026
1,-19.164
1,-21.515
2,-17.68
0,-7.216
2,-14.275
2,-16.238
2,-14.173
0,-6.866
2,-14.383
0,-6.288
0,-3.741
0,-7.91
2,-14.241
2,-13.332
1,-32.331
2,-14.582
0,-5.365
0,-6.513
0,-9.072
0,-9.85
1,-25.127
0,-7.915
0,-3.936
0,-8.316
0,-9.559
2,-12.755
0,-5.231
2,-13.354
0,-9.698
0,-9.151
2,-10.709
0,-4.008
2,-12.528
2,-14.631
0,-4.665
0,-8.353
0,-6.748
2,-17.428
1,-28.197
0,-4.048
1,-25.063
0,-7.622
2,-14.497
0,-7.933
2,-11.54
2,-10.829
0,-7.0
2,-13.846
0,-6.466
0,-6.676
2,-17.471
0,-5.108
0,-7.523
0,-7.517
0,-7.667
0,-6.013
0,-6.913
0,-6.875
0,-5.935
0,-7.908
2,-12.114
0,-6.112
2,-12.361
0,-7.403
1,-18.75
0,-3.638
2,-11.253
2,-13.248
2,-14.101
1,-20.803
2,-11.06
0,-9.324
0,-7.885
2,-10.222
0,-7.992
0,-6.667
0,-8.729
0,-9.716
0,-6.961
2,-11.271
2,-12.601
0,-5.071
0,-7.205
0,-6.705
1,-18.199
0,-7.183
0,-7.82
0,-6.195
0,-8.702
0,-7.159
0,-1.83
0,-9.473
2,-13.262
0,-4.8
0,-7.027
1,-28.536
0,-7.055
0,-5.898
2,-11.105
2,-16.183
0,-5.076
0,-9.627
0,-3.337
0,-2.348
0,-8.148
0,-7.534
2,-10.42
1,-42.472
1,-21.115
0,-9.144
0,-6.628
2,-11.442
1,-19.65
0,-5.461
0,-7.111
0,-5.673
2,-15.631
0,-7.049
2,-12.387
0,-9.742
2,-12.186
0,-6.217
2,-13.075
2,-10.359
1,-23.94
2,-11.199
0,-8.342
0,-5.97
2,-13.296
2,-13.483
2,-15.959
0,-7.852
0,-6.392
2,-12.347
0,-7.789
2,-14.372
1,-22.386
2,-10.062
2,-14.618
0,-7.842
2,-11.719
2,-10.448
0,-5.315
2,-15.412
2,-10.021
0,-8.151
0,-6.583
2,-17.225
0,-5.91
0,-5.726
2,-10.697
0,-5.688
1,-18.146
0,-7.215
2,-11.425
2,-16.618
0,-6.103
0,-8.073
0,-5.849
0,-4.411
0,-7.972
2,-15.733
0,-7.3
1,-34.162
0,-4.198
2,-14.612
2,-11.685
0,-8.85
0,-7.008
0,-5.066
0,-8.219
2,-15.478
2,-13.431
0,-4.733
0,-4.07
0,-9.265
0,-8.998
2,-13.662
2,-10.997
2,-10.674
0,-7.194
2,-10.948
2,-16.522
0,-6.282
2,-10.413
0,-4.422
0,-5.817
0,-6.749
1,-24.188
0,-7.866
2,-10.088
0,-9.817
0,-8.501
1,-18.449
2,-15.439
2,-10.807
1,-18.276
2,-10.633
0,-9.076
2,-10.504
2,-13.336
2,-16.663
0,-5.257
0,-6.818
0,-5.403
1,-31.127
0,-7.936
2,-10.649
2,-15.489
0,-4.164
0,-5.49
0,-5.068
1,-18.933
2,-15.007
1,-20.831
2,-14.107
2,-11.846
0,-5.117
2,-11.691
2,-16.454
2,-16.239
0,-9.602
2,-15.149
0,-3.3
2,-12.328
0,-7.661
2,-10.137
0,-8.909
0,-6.86
2,-14.319
0,-5.15
0,-9.375
0,-3.324
0,-5.674
1,-32.934
0,-5.512
0,-9.718
2,-13.603
2,-14.696
0,-6.125
2,-16.402
2,-12.995
0,-6.999
0,-5.306
1,-26.928
2,-11.151
2,-13.702
2,-15.386
0,-9.688
0,-4.536
1,-21.186
0,-4.858
2,-14.12
0,-9.839
1,-26.236
2,-16.643
0,-8.471
2,-11.97
2,-10.369
2,-13.765
2,-11.703
0,-3.362
0,-6.317
2,-10.252
0,-7.837
1,-22.083
0,-5.2
0,-5.921
2,-14.253
0,-8.564
2,-14.457
2,-10.999
0,-9.031
2,-12.359
2,-11.723
2,-16.755
2,-13.425
0,-7.865
1,-27.513
2,-16.079
2,-15.878
2,-14.856
0,-9.489
2,-15.511
2,-17.667
0,-7.914
0,-8.71
0,-9.44
0,-6.505
0,-4.681
0,-7.145
0,-8.139
2,-10.691
1,-20.282
0,-7.611
0,-7.944
0,-5.39
0,-8.704
2,-10.518
0,-8.7
2,-10.165
1,-20.406
2,-11.951
0,-9.042
0,-6.548
2,-14.015
2,-12.141
0,-9.352
0,-7.724
2,-13.004
0,-6.035
2,-15.717
2,-13.265
0,-5.795
2,-12.711
2,-10.158
2,-12.119
0,-9.322
0,-3.807
0,-5.801
2,-16.597
1,-21.361
2,-13.605
0,-5.883
2,-13.209
0,-3.773
2,-9.926
0,-6.934
0,-9.341
2,-11.107
0,-5.275
0,-6.41
2,-13.206
2,-12.518
2,-12.442
2,-11.723
0,-7.853
0,-8.704
0,-8.038
0,-6.052
0,-2.885
0,-7.664
2,-17.881
0,-7.653
0,-8.431
2,-16.216
0,-4.27
0,-7.024
0,-8.208
0,-2.735
0,-9.122
0,-5.053
0,-5.395
0,-4.834
0,-9.522
0,-8.599
2,-13.906
0,-9.783
2,-11.899
0,-5.163
1,-21.463
0,-6.025
2,-14.475
0,-5.694
2,-15.15
0,-4.361
2,-11.043
0,-6.313
2,-10.178
2,-11.809
0,-7.804
2,-14.988
2,-11.514
2,-16.389
2,-17.522
2,-11.443
2,-10.096
1,-24.997
0,-5.628
2,-10.099
2,-11.117
2,-10.373
0,-6.357
2,-12.245
0,-3.492
2,-16.834
2,-14.438
0,-5.191
0,-6.871
1,-20.327
0,-5.204
0,-3.864
0,-9.75
0,-8.872
0,-2.689
2,-10.102
2,-17.315
2,-14.641
0,-9.303
2,-14.744
0,-9.609
0,-6.578
0,-5.481
0,-2.969
1,-19.115
2,-14.98
0,-4.289
2,-10.15
0,-4.897
0,-7.209
0,-6.431
0,-3.376
0,-7.375
1,-18.519
0,-6.947
2,-11.822
0,-5.028
0,-5.094
2,-12.061
2,-12.827
2,-17.898
0,-6.945
0,-4.085
0,-4.043
2,-10.209
0,-9.341
2,-10.083
0,-9.325
0,-6.288
0,-5.213
0,-3.731
1,-18.32
0,-8.163
0,-5.122
0,-4.883
0,-9.585
0,-8.767
2,-12.749
0,-2.339
0,-5.033
2,-13.841
2,-15.609
0,-9.69
0,-9.674
0,-6.642
2,-14.726
0,-5.864
0,-5.591
0,-6.499
2,-14.056
0,-5.407
0,-8.178
0,-7.41
0,-7.83
0,-9.154
0,-9.728
2,-13.308
0,-9.249
2,-11.928
1,-27.845
0,-6.172
2,-10.511
0,-5.77
2,-12.126
0,-6.854
2,-17.777
2,-15.516
0,-6.164
2,-12.987
2,-12.912
0,-6.431
0,-7.837
2,-10.484
0,-9.825
0,-7.258
0,-6.68
2,-16.307
0,-6.012
0,-4.434
0,-8.782
0,-7.323
2,-15.879
0,-3.925
2,-12.346
2,-17.43
1,-24.341
0,-6.612
0,-7.488
2,-12.551
1,-20.551
0,-5.861
0,-4.622
0,-5.808
0,-7.531
0,-9.305
0,-8.28
2,-11.38
2,-11.763
0,-6.243
2,-16.274
2,-14.618
0,-8.705
0,-4.703
1,-36.353
2,-13.844
0,-5.116
0,-8.696
2,-9.978
0,-3.397
1,-20.105
0,-7.795
0,-4.256
0,-7.359
2,-10.688
2,-11.576
2,-15.502
0,-7.099
0,-9.827
1,-20.418
0,-9.146
0,-5.641
2,-11.977
0,-9.334
1,-20.349
0,-5.612
2,-11.382
0,-8.1
0,-6.465
2,-12.041
2,-14.28
0,-5.154
0,-7.474
0,-8.045
1,-20.394
0,-5.432
1,-18.406
2,-10.415
0,-7.676
2,-10.854
1,-36.577
0,-5.261
0,-2.756
0,-6.553
1,-22.42
0,-5.724
2,-15.998
0,-8.402
1,-21.501
0,-9.584
0,-6.779
2,-10.345
0,-6.215
2,-13.624
0,-7.155
0,-9.792
0,-7.477
0,-5.692
0,-8.357
1,-19.802
0,-9.102
0,-6.302
0,-5.333
2,-12.146
2,-15.89
0,-9.33
0,-8.229
1,-18.254
0,-6.791
0,-6.38
0,-4.606
0,-3.631
0,-7.836
2,-16.548
2,-16.113
2,-13.752
2,-10.646
2,-11.534
2,-17.604
0,-5.815
0,-6.089
1,-18.65
0,-9.032
0,-8.464
1,-21.908
0,-8.445
2,-14.254
2,-14.05
1,-18.283
0,-5.252
1,-19.303
0,-3.568
2,-11.207
2,-12.845
0,-8.141
0,-8.503
2,-11.199
0,-4.295
1,-18.495
0,-6.575
0,-4.268
2,-11.985
0,-6.956
1,-20.178
0,-5.972
2,-12.939
2,-10.325
0,-7.09
2,-11.636
0,-6.692
0,-9.378
0,-7.063
0,-3.811
2,-10.999
0,-8.425
1,-23.581
0,-6.407
2,-13.164
0,-6.974
0,-4.213
1,-18.852
2,-10.333
1,-19.661
0,-7.433
2,-12.135
0,-7.827
2,-14.03
2,-13.136
0,-7.101
2,-12.891
0,-4.35
0,-8.016
2,-12.712
0,-4.438
2,-13.386
0,-7.458
0,-4.148
0,-7.331
2,-16.849
0,-9.619
2,-12.377
0,-8.656
0,-7.157
2,-10.861
0,-6.047
2,-11.901
0,-8.05
2,-10.491
2,-13.524
0,-6.167
1,-29.378
0,-6.657
2,-14.857
0,-7.856
1,-18.797
2,-17.756
0,-5.67
0,-6.952
2,-14.655
2,-16.183
0,-4.615
2,-12.66
2,-12.373
2,-17.914
0,-5.394
2,-10.685
2,-15.199
0,-4.353
2,-15.872
1,-29.128
0,-9.467
0,-8.118
0,-6.062
0,-9.548
0,-6.479
2,-13.823
2,-10.56
0,-4.404
0,-6.755
1,-18.5
2,-11.895
0,-7.383
0,-6.131
1,-18.922
2,-13.644
2,-12.705
0,-4.956
2,-12.265
2,-15.855
2,-10.452
0,-9.851
2,-14.893
0,-5.529
1,-27.239
2,-12.09
2,-9.908
0,-6.597
2,-14.544
2,-14.048
0,-5.884
2,-11.727
2,-10.499
0,-7.006
2,-14.563
2,-13.294
0,-2.972
2,-10.283
0,-6.451
2,-10.411
0,-5.105
2,-11.987
2,-10.319
2,-12.602
0,-7.071
0,-6.892
2,-10.7
0,-7.49
0,-4.012
2,-12.173
0,-6.005
0,-8.85
0,-4.745
1,-23.042
1,-22.937
2,-10.301
2,-13.589
0,-7.811
0,-6.054
1,-25.924
0,-5.295
0,-8.472
2,-17.306
0,-7.572
2,-12.48
0,-9.869
0,-8.205
2,-14.626
0,-9.74
0,-7.842
0,-7.794
2,-13.135
1,-22.42
1,-24.308
0,-7.052
0,-5.087
0,-2.122
1,-22.904
0,-4.427
2,-10.817
0,-4.628
0,-7.028
0,-5.846
0,-5.901
0,-5.588
0,-7.065
0,-8.48
2,-10.039
2,-11.761
0,-7.681
0,-8.487
2,-16.6
0,-9.682
0,-9.8
0,-4.654
0,-9.217
0,-3.116
2,-10.184
0,-8.081
0,-3.045
2,-13.839
0,-8.774
1,-24.647
2,-10.989
2,-12.62
2,-10.067
2,-11.902
0,-2.124
0,-7.828
2,-9.936
1,-32.033
0,-3.134
0,-4.801
0,-4.659
2,-16.425
2,-12.813
0,-7.337
2,-11.451
0,-6.196
0,-6.065
1,-19.453
2,-16.43
0,-3.677
0,-6.224
0,-9.639
0,-5.885
2,-10.81
2,-10.592
2,-10.258
0,-4.757
2,-10.088
0,-4.877
1,-20.067
0,-5.521
2,-12.772
0,-8.869
0,-5.832
2,-16.358
0,-3.58
2,-12.892
2,-12.808
0,-7.088
0,-5.418
0,-3.798
0,-5.746
2,-15.993
0,-5.317
0,-7.958
0,-6.005
2,-12.518
0,-5.878
0,-8.783
2,-10.111
0,-2.3
0,-8.693
2,-10.187
2,-10.262
0,-4.979
0,-7.167
0,-9.11
0,-4.829
0,-8.091
0,-7.097
0,-6.825
0,-8.807
0,-9.768
2,-12.742
2,-14.729
1,-19.452
0,-5.75
0,-6.814
0,-3.756
0,-7.183
2,-11.41
0,-6.504
0,-7.19
0,-5.99
2,-12.449
2,-11.649
1,-18.464
1,-23.419
0,-8.026
2,-11.942
0,-5.711
0,-5.801
2,-10.614
2,-10.398
0,-4.92
2,-11.883
0,-6.63
2,-10.631
0,-6.04
2,-10.112
2,-9.905
0,-9.729
1,-19.137
0,-8.731
2,-12.584
0,-6.449
2,-17.332
0,-5.004
2,-14.109
0,-9.657
1,-19.121
0,-7.72
0,-5.801
0,-7.133
0,-6.388
0,-6.316
0,-9.607
2,-12.602
0,-7.943
2,-16.685
2,-13.587
0,-8.978
0,-3.642
0,-8.61
2,-10.64
0,-9.507
0,-8.649
0,-6.157
2,-14.421
2,-10.77
2,-10.836
2,-11.806
1,-20.088
2,-13.607
2,-10.136
0,-8.045
1,-20.639
0,-3.234
0,-8.169
2,-15.339
0,-7.279
0,-4.619
0,-5.628
0,-6.808
0,-9.154
2,-10.514
0,-8.211
0,-9.045
1,-18.335
2,-11.163
2,-16.796
0,-4.153
1,-23.149
0,-3.931
2,-10.623
2,-14.698
0,-8.826
0,-5.016
2,-10.132
0,-8.695
2,-14.35
2,-12.256
0,-8.98
2,-12.235
0,-8.236
2,-12.673
0,-5.515
1,-18.114
2,-10.291
2,-10.182
2,-12.748
0,-8.025
1,-21.925
0,-2.512
0,-8.32
0,-8.244
0,-5.225
0,-8.729
2,-11.106
0,-5.902
0,-6.415
2,-12.209
2,-13.995
0,-5.176
0,-6.08
0,-8.209
2,-16.595
1,-18.636
1,-18.272
0,-5.094
0,-7.909
0,-8.238
2,-10.854
0,-8.794
1,-27.815
0,-6.851
0,-4.214
0,-8.255
2,-10.938
2,-16.404
2,-17.241
2,-10.824
2,-13.651
0,-7.96
2,-14.912
1,-18.612
2,-14.334
2,-12.948
0,-7.376
2,-17.363
2,-15.6
2,-11.999
0,-2.685
0,-7.569
2,-10.88
0,-9.224
0,-4.372
1,-18.859
2,-10.709
0,-7.818
0,-8.058
1,-30.53
0,-5.023
2,-15.2
0,-3.533
0,-5.037
0,-4.879
0,-6.124
0,-5.573
0,-4.347
1,-25.106
2,-10.381
2,-10.392
0,-4.984
2,-15.134
2,-12.958
0,-4.952
0,-4.557
2,-11.535
2,-11.551
2,-13.174
2,-14.695
2,-14.262
0,-8.912
2,-10.798
1,-24.901
2,-15.182
0,-5.05
0,-7.337
0,-3.115
0,-9.115
2,-16.516
0,-6.681
2,-16.031
1,-20.97
1,-20.349
0,-6.272
0,-6.924
2,-13.629
0,-8.026
0,-5.646
0,-9.77
2,-12.981
0,-7.221
2,-15.494
1,-23.333
2,-10.998
0,-8.65
0,-4.745
2,-16.735
0,-6.649
2,-14.225
0,-8.158
0,-5.515
0,-7.651
2,-10.282
0,-6.573
0,-9.616
0,-5.957
0,-9.711
0,-7.891
2,-12.998
0,-7.668
0,-6.305
1,-23.112
1,-19.725
0,-6.184
0,-5.864
0,-4.271
2,-13.915
2,-14.263
0,-4.999
2,-11.321
0,-3.094
2,-11.222
0,-4.167
2,-15.241
0,-6.593
2,-10.819
2,-14.158
2,-13.908
0,-3.177
1,-19.776
0,-4.829
0,-9.67
0,-8.871
0,-5.41
0,-8.603
0,-9.332
2,-10.974
0,-5.346
2,-12.783
2,-11.206
2,-11.498
1,-19.27
0,-6.134
0,-6.569
0,-7.911
0,-8.011
2,-10.881
0,-6.73
0,-4.03
2,-17.317
2,-13.501
0,-4.41
0,-6.6
1,-19.933
0,-9.322
0,-2.136
0,-9.254
2,-13.149
2,-10.277
0,-3.734
2,-17.135
0,-4.518
0,-6.121
2,-13.374
0,-7.377
2,-16.553
0,-7.479
0,-8.951
2,-16.87
0,-5.651
0,-9.2
2,-10.606
0,-7.855
0,-3.215
1,-18.871
0,-7.319
0,-5.193
2,-11.092
2,-15.459
2,-14.15
2,-10.677
2,-10.65
0,-8.581
0,-4.146
0,-4.531
2,-14.655
2,-10.982
0,-7.11
0,-9.681
2,-12.98
2,-10.383
1,-18.327
0,-4.336
1,-37.668
0,-4.456
0,-8.489
0,-5.407
0,-8.567
1,-22.196
0,-6.947
0,-6.53
0,-8.724
0,-5.342
2,-10.338
2,-13.362
2,-12.022
0,-7.441
0,-8.415
0,-3.964
0,-6.933
0,-8.149
2,-15.693
2,-15.095
2,-14.342
2,-11.651
2,-9.995
0,-7.037
0,-3.561
2,-13.887
2,-11.149
2,-11.812
0,-9.679
0,-3.768
0,-5.999
0,-7.094
2,-10.769
2,-13.024
2,-10.399
2,-9.956
0,-5.126
2,-10.06
2,-14.364
0,-6.472
2,-14.502
0,-6.54
2,-14.956
0,-7.751
0,-6.351
0,-6.093
2,-10.609
2,-10.351
2,-15.118
2,-10.882
2,-10.469
0,-5.646
0,-6.025
2,-14.64
0,-3.254
0,-9.681
0,-9.507
0,-9.332
0,-4.304
0,-8.878
0,-7.821
0,-8.811
2,-13.029
0,-7.459
2,-13.143
0,-8.634
2,-10.062
0,-9.443
2,-13.051
1,-20.11
0,-7.736
0,-6.947
2,-11.375
0,-9.865
0,-8.227
0,-9.752
0,-1.031
2,-16.008
2,-12.796
0,-7.722
2,-10.317
2,-11.804
2,-10.454
2,-12.712
0,-4.563
2,-13.892
1,-19.173
2,-10.369
0,-5.141
2,-11.29
2,-14.948
0,-7.495
0,-6.647
2,-11.231
2,-11.555
0,-5.184
0,-7.56
0,-8.819
2,-10.611
0,-5.061
2,-11.536
0,-8.188
0,-9.146
0,-8.013
2,-16.327
0,-2.957
0,-6.904
2,-11.627
2,-13.097
2,-12.366
1,-29.084
0,-5.726
2,-12.667
0,-9.061
2,-16.198
0,-5.646
0,-5.746
0,-6.594
0,-6.063
2,-10.232
0,-5.752
0,-5.794
2,-10.817
0,-4.151
1,-28.25
0,-7.997
2,-13.333
0,-2.42
0,-7.766
2,-9.909
2,-10.187
2,-13.148
0,-4.861
0,-9.819
0,-4.689
0,-6.866
1,-30.676
0,-6.975
0,-9.774
2,-13.592
0,-8.851
0,-9.796
0,-8.517
1,-19.817
0,-6.451
1,-23.012
2,-10.706
0,-5.457
0,-4.757
0,-6.236
0,-5.061
0,-3.441
2,-12.798
1,-19.869
2,-12.16
1,-29.999
0,-6.971
2,-13.305
2,-12.241
0,-3.709
0,-8.294
0,-6.564
2,-12.551
0,-8.945
0,-7.531
0,-6.742
2,-16.069
0,-4.727
2,-10.534
2,-10.313
2,-17.124
2,-14.553
1,-26.772
0,-6.051
2,-16.547
1,-20.691
0,-9.11
0,-4.696
2,-10.631
0,-6.817
2,-14.064
0,-5.782
0,-6.969
0,-3.951
0,-3.375
0,-7.66
0,-5.019
0,-6.225
0,-6.525
2,-12.436
2,-11.878
2,-10.68
2,-11.393
2,-12.519
2,-13.742
2,-11.054
2,-11.134
2,-12.325
0,-6.653
2,-12.345
2,-12.485
2,-16.445
0,-4.064
0,-5.417
2,-10.067
2,-14.947
2,-10.295
2,-15.448
2,-16.117
0,-3.276
0,-9.193
1,-21.488
0,-2.17
0,-8.61
2,-14.941
2,-10.581
2,-15.314
2,-10.666
2,-14.12
2,-17.609
0,-9.035
0,-7.356
0,-4.897
1,-19.585
2,-10.232
0,-5.263
0,-6.536
1,-21.669
0,-9.102
0,-6.494
2,-14.383
0,-5.218
2,-14.089
1,-19.61
2,-11.016
0,-4.152
0,-5.942
2,-14.848
2,-11.941
0,-7.486
2,-15.036
0,-3.696
0,-5.613
2,-16.079
0,-8.756
0,-8.698
0,-8.862
2,-14.683
0,-7.655
0,-7.541
2,-13.254
0,-4.134
2,-11.008
2,-11.323
2,-16.039
0,-4.802
0,-5.809
2,-13.483
2,-10.874
0,-8.649
2,-11.826
2,-15.835
1,-22.55
2,-14.406
0,-6.264
0,-3.861
0,-8.064
2,-14.897
2,-9.998
0,-8.394
0,-6.736
1,-18.697
0,-8.343
0,-9.454
2,-15.991
0,-6.145
2,-15.276
2,-15.966
0,-4.547
0,-8.631
0,-5.603
0,-9.598
2,-14.309
2,-10.008
2,-13.08
2,-12.624
2,-11.793
0,-6.15
0,-9.545
0,-9.68
0,-4.689
1,-21.978
0,-4.535
2,-15.892
0,-5.056
0,-7.097
0,-3.353
0,-6.502
2,-12.308
0,-6.103
0,-7.762
2,-11.556
2,-13.538
2,-11.893
0,-4.13
2,-15.198
0,-6.895
0,-7.687
0,-7.687
2,-9.989
1,-18.818
0,-5.542
0,-9.428
2,-10.446
2,-14.305
0,-5.934
0,-7.391
1,-18.799
2,-10.703
0,-8.021
0,-5.976
1,-23.178
0,-4.325
0,-6.763
0,-7.386
2,-15.433
0,-5.704
0,-7.588
1,-20.172
0,-9.882
2,-12.958
2,-9.924
2,-11.502
0,-7.436
2,-11.689
0,-5.353
2,-16.904
2,-15.555
2,-14.236
0,-5.252
2,-12.936
1,-20.259
0,-5.729
0,-7.996
0,-7.894
0,-8.886
0,-7.069
1,-26.458
0,-8.745
0,-5.205
2,-15.272
2,-12.538
0,-9.318
1,-17.985
1,-28.215
2,-14.639
0,-8.867
0,-8.902
0,-7.807
0,-8.933
0,-9.638
2,-17.266
1,-18.798
0,-3.716
0,-6.024
0,-8.812
0,-8.997
2,-12.824
0,-3.778
0,-6.349
0,-7.804
2,-17.806
2,-10.646
2,-16.489
0,-6.712
0,-5.193
0,-7.327
0,-5.648
0,-7.961
2,-12.746
0,-5.308
0,-9.186
0,-8.318
0,-6.564
0,-5.011
2,-11.531
1,-33.045
2,-15.497
2,-13.338
0,-8.627
0,-7.174
1,-22.54
2,-15.428
2,-15.383
2,-14.199
2,-15.467
0,-4.928
2,-10.012
0,-2.952
0,-6.112
0,-5.781
2,-12.517
2,-14.338
0,-7.032
2,-15.222
2,-12.256
0,-7.91
0,-7.378
2,-16.532
2,-15.252
0,-9.407
0,-9.737
0,-8.163
0,-4.264
2,-12.474
2,-11.061
0,-4.523
0,-5.05
2,-16.477
0,-4.707
1,-24.14
2,-13.885
0,-5.795
0,-4.393
0,-9.636
0,-6.769
0,-4.945
0,-4.909
0,-7.148
0,-6.278
1,-22.435
0,-9.387
2,-11.912
2,-14.023
2,-12.36
2,-13.845
2,-12.931
2,-10.336
0,-7.057
0,-9.057
0,-8.515
0,-7.222
0,-3.423
0,-4.857
2,-16.627
0,-5.85
0,-4.627
1,-31.391
0,-9.603
0,-8.337
0,-3.312
1,-25.651
0,-6.619
0,-4.076
1,-19.293
0,-6.052
0,-7.164
1,-23.214
0,-4.149
0,-9.425
1,-18.427
0,-5.36
2,-13.987
0,-7.198
2,-16.444
2,-9.923
2,-14.422
2,-14.039
2,-11.163
0,-6.696
0,-6.317
0,-5.254
0,-4.499
0,-8.749
2,-16.945
2,-13.615
1,-19.771
0,-7.551
0,-5.013
2,-10.173
0,-7.657
0,-6.997
1,-29.054
0,-8.545
0,-6.513
2,-15.806
0,-6.159
0,-6.25
0,-7.938
0,-8.534
0,-7.381
0,-6.44
2,-11.313
2,-11.938
2,-10.629
0,-6.53
0,-8.031
2,-12.065
2,-10.321
2,-10.829
0,-7.811
0,-4.714
2,-13.767
0,-6.18
0,-6.125
2,-17.886
0,-5.548
1,-21.82
2,-15.019
0,-8.151
0,-2.991
0,-7.398
0,-5.941
0,-8.403
0,-5.54
2,-13.324
2,-15.618
0,-5.176
0,-6.493
2,-13.776
2,-9.975
0,-7.124
2,-11.136
1,-18.854
0,-8.975
0,-5.531
0,-8.522
0,-9.059
2,-12.597
2,-17.073
0,-6.1
0,-6.923
2,-10.775
2,-16.034
0,-9.841
0,-8.414
0,-5.067
2,-13.828
2,-11.657
0,-6.183
0,-4.594
0,-9.09
1,-27.284
2,-14.526
2,-11.355
0,-7.255
0,-8.239
0,-4.605
0,-9.46
0,-5.829
0,-4.586
0,-6.966
0,-7.695
0,-4.413
0,-7.814
0,-5.341
0,-7.339
2,-16.498
0,-6.573
0,-6.45
2,-10.222
2,-12.464
0,-6.276
0,-8.458
1,-29.153
0,-8.683
2,-14.942
0,-5.442
0,-3.879
0,-9.592
1,-23.161
0,-8.204
0,-7.041
2,-15.268
2,-11.869
2,-10.444
2,-13.256
2,-10.562
2,-12.958
0,-6.212
0,-7.766
0,-5.764
0,-8.039
0,-8.368
2,-17.032
0,-7.264
0,-5.209
0,-7.054
0,-4.715
0,-4.294
0,-3.994
0,-9.736
0,-4.806
2,-16.584
0,-7.493
0,-8.284
0,-5.124
0,-8.325
0,-9.317
2,-13.319
2,-10.338
2,-10.006
0,-5.67
2,-13.093
0,-6.72
2,-11.727
0,-4.376
0,-5.253
2,-17.669
2,-11.96
0,-7.183
0,-5.113
2,-14.148
1,-22.737
0,-8.678
0,-5.038
2,-11.776
2,-14.43
0,-7.006
0,-7.919
0,-6.39
2,-10.156
2,-15.89
1,-28.138
2,-11.791
0,-2.912
1,-27.115
2,-16.599
2,-17.089
1,-18.995
0,-4.576
0,-5.029
0,-6.354
0,-1.674
2,-12.316
2,-10.893
1,-18.002
2,-15.6
2,-13.253
0,-6.843
2,-12.102
0,-9.532
0,-8.436
2,-12.816
1,-21.601
0,-6.82
0,-8.882
2,-13.352
2,-10.185
2,-14.095
2,-10.149
2,-15.152
2,-13.25
1,-25.654
2,-15.783
0,-7.112
0,-4.437
0,-8.577
0,-9.104
0,-4.667
2,-13.231
0,-3.83
0,-3.402
2,-12.166
2,-15.649
2,-11.591
0,-8.302
2,-13.47
0,-7.202
0,-8.404
0,-8.252
0,-4.533
2,-17.231
0,-3.566
0,-4.183
0,-5.198
2,-10.219
2,-10.813
2,-10.467
0,-7.765
2,-10.383
2,-14.761
0,-7.467
0,-1.493
2,-15.646
2,-16.582
0,-6.735
0,-5.185
0,-4.821
0,-4.974
2,-17.319
0,-6.288
2,-11.429
0,-9.713
0,-9.059
0,-8.078
0,-5.094
2,-10.091
0,-4.127
2,-15.817
0,-7.21
0,-4.872
0,-4.385
1,-19.834
0,-9.604
2,-12.182
2,-14.606
2,-11.357
0,-6.527
2,-15.798
0,-8.936
0,-5.098
0,-7.209
0,-7.57
0,-8.441
1,-20.911
1,-26.312
0,-3.122
2,-12.489
2,-10.844
0,-7.098
2,-14.188
2,-13.852
0,-5.126
1,-25.671
2,-11.943
2,-10.935
2,-10.69
0,-4.27
0,-9.59
0,-9.493
2,-15.581
0,-6.734
0,-5.367
2,-17.7
2,-10.274
0,-4.894
2,-11.371
0,-7.215
2,-11.868
0,-6.308
2,-15.299
2,-17.838
2,-11.333
2,-17.502
0,-6.78
2,-11.08
0,-4.328
0,-4.727
0,-8.375
2,-12.614
0,-7.643
1,-19.586
0,-8.595
1,-30.18
2,-11.164
0,-4.673
0,-6.376
0,-6.131
0,-8.08
0,-9.405
0,-5.366
0,-8.071
0,-9.708
2,-16.422
2,-13.266
2,-9.944
2,-16.705
2,-11.954
2,-14.153
0,-5.907
0,-3.904
0,-7.234
2,-12.411
0,-7.625
2,-13.751
0,-8.339
0,-7.616
1,-18.226
2,-12.442
0,-4.38
2,-15.382
2,-17.204
2,-14.166
2,-17.763
0,-7.103
0,-8.361
0,-8.562
0,-9.735
0,-5.968
0,-9.522
0,-2.648
0,-8.52
2,-12.176
1,-23.212
2,-13.616
0,-7.464
2,-13.528
0,-9.64
0,-5.954
2,-12.509
0,-7.387
2,-13.959
0,-8.814
2,-12.169
0,-3.863
0,-9.206
2,-11.008
0,-6.506
2,-12.068
0,-4.684
0,-5.606
0,-6.676
0,-9.689
0,-3.669
2,-13.943
1,-18.812
2,-12.197
2,-16.895
0,-7.785
0,-3.402
0,-8.475
2,-10.374
2,-13.229
0,-7.04
2,-10.621
1,-23.045
0,-4.335
0,-7.104
2,-13.205
0,-8.249
0,-3.682
2,-10.571
0,-3.956
0,-9.233
0,-8.611
0,-3.18
2,-12.67
0,-7.192
2,-14.848
2,-14.883
0,-9.81
0,-9.0
0,-8.573
2,-14.041
0,-6.379
2,-11.284
0,-6.203
0,-5.635
0,-2.274
2,-17.527
0,-8.295
0,-4.204
0,-8.88
2,-10.0
0,-5.902
0,-9.575
0,-6.779
1,-20.541
2,-12.818
2,-12.326
0,-6.776
0,-5.283
0,-9.391
2,-10.736
0,-4.293
0,-9.67
1,-20.731
2,-15.159
0,-4.537
0,-9.706
0,-6.633
0,-9.036
1,-22.721
2,-12.965
2,-14.241
0,-7.847
0,-4.516
0,-9.181
2,-13.7
0,-8.068
2,-14.343
0,-5.901
2,-9.953
0,-8.787
2,-13.869
0,-6.759
0,-5.144
0,-8.843
0,-7.971
2,-14.009
0,-7.327
0,-6.982
0,-6.391
2,-12.094
2,-14.007
0,-6.003
2,-9.893
0,-3.343
0,-5.788
2,-16.407
0,-8.582
1,-18.604
2,-11.712
0,-6.991
2,-16.683
0,-8.345
0,-5.603
0,-5.249
0,-3.991
2,-16.181
0,-7.264
1,-21.392
0,-9.653
0,-5.511
0,-8.889
2,-10.803
2,-10.711
2,-10.557
0,-8.147
0,-8.571
2,-17.864
2,-12.878
1,-18.696
2,-10.562
0,-9.535
2,-13.295
0,-8.259
2,-16.313
2,-13.353
0,-9.447
2,-9.915
0,-7.335
0,-7.581
0,-6.488
0,-4.757
0,-9.277
0,-8.275
0,-8.339
2,-12.192
1,-20.251
0,-8.76
2,-10.958
2,-13.679
0,-6.371
0,-7.625
2,-13.202
0,-4.08
2,-12.495
1,-20.491
2,-9.903
2,-15.689
1,-26.675
2,-14.645
0,-5.434
1,-20.02
2,-11.36
2,-10.44
2,-12.078
1,-19.547
2,-10.208
0,-6.179
0,-6.479
2,-13.414
0,-9.024
2,-9.894
0,-8.023
0,-4.561
0,-3.086
0,-9.737
0,-7.89
1,-24.399
0,-9.351
2,-10.703
0,-9.514
0,-4.118
2,-10.654
0,-8.28
2,-12.675
0,-8.127
2,-10.905
2,-12.547
1,-36.037
2,-11.968
0,-6.388
0,-6.607
2,-13.615
2,-10.745
2,-12.964
0,-8.533
2,-9.931
0,-6.751
2,-11.651
1,-24.774
2,-11.024
1,-19.271
1,-22.255
2,-14.322
0,-5.808
0,-3.154
0,-6.149
2,-15.975
2,-10.167
2,-15.857
0,-6.487
0,-8.486
1,-18.697
0,-4.031
2,-10.813
0,-8.328
1,-22.785
1,-20.42
0,-9.181
2,-14.6
0,-7.421
2,-11.47
0,-5.538
2,-11.905
0,-6.793
0,-6.615
2,-13.856
2,-11.999
2,-11.318
2,-13.178
0,-4.638
0,-7.667
0,-9.044
1,-18.7
0,-6.611
2,-13.057
2,-11.881
0,-9.695
0,-5.881
1,-21.852
2,-11.222
0,-2.775
2,-13.5
0,-5.619
0,-9.874
1,-18.018
0,-4.825
2,-12.99
0,-5.493
2,-11.947
0,-7.961
0,-3.148
0,-5.666
1,-28.327
2,-15.416
0,-8.216
2,-15.665
0,-5.727
2,-13.08
0,-5.085
0,-7.556
0,-8.806
0,-9.825
0,-8.504
2,-10.156
2,-12.178
1,-18.299
0,-3.96
2,-9.917
0,-6.953
2,-10.543
0,-6.991
2,-16.536
0,-9.182
0,-6.514
0,-6.404
2,-11.877
0,-4.936
2,-12.965
0,-4.006
0,-7.843
0,-7.352
2,-12.209
0,-4.336
2,-10.925
0,-9.325
2,-15.585
0,-9.086
2,-9.94
1,-22.166
0,-6.109
0,-9.396
2,-13.525
0,-7.775
2,-15.519
2,-11.326
0,-5.683
2,-16.619
1,-18.83
0,-9.338
0,-8.578
0,-9.198
2,-11.875
0,-7.033
2,-17.041
2,-12.763
2,-16.307
0,-8.874
2,-12.063
2,-13.774
0,-3.639
0,-9.421
0,-6.937
0,-5.534
2,-11.333
0,-7.38
0,-8.969
0,-6.212
2,-11.809
2,-12.617
2,-11.042
2,-12.664
2,-13.57
0,-7.2
0,-4.737
0,-7.179
1,-18.479
2,-13.083
1,-23.596
0,-8.403
2,-11.088
2,-15.832
2,-9.926
0,-5.924
1,-23.129
0,-5.927
2,-9.989
0,-9.559
2,-16.595
0,-7.56
1,-23.563
0,-7.704
0,-6.278
0,-9.741
2,-17.336
0,-4.982
2,-13.865
1,-21.277
2,-12.375
0,-4.62
0,-6.521
2,-12.262
2,-16.922
0,-8.606
0,-7.468
0,-5.165
0,-5.268
0,-8.667
0,-9.31
2,-10.414
2,-11.234
0,-7.99
2,-11.221
1,-23.555
0,-8.221
2,-17.661
2,-11.71
0,-2.653
0,-8.159
0,-7.724
0,-7.495
1,-20.884
1,-19.397
1,-21.716
2,-11.242
0,-2.983
0,-6.692
2,-14.249
2,-10.289
2,-12.302
2,-14.257
2,-13.455
2,-15.316
0,-3.869
1,-20.075
0,-5.641
1,-18.638
0,-9.226
0,-7.77
0,-7.715
1,-24.082
0,-4.564
0,-9.748
1,-24.905
0,-7.838
2,-15.88
2,-10.18
2,-13.75
1,-24.522
2,-13.478
1,-18.896
0,-6.327
2,-10.736
0,-5.268
0,-4.559
2,-11.936
0,-3.708
2,-11.516
0,-5.586
2,-11.098
0,-7.203
0,-6.65
2,-15.879
0,-6.01
0,-8.116
2,-13.159
0,-7.839
2,-12.43
0,-8.699
0,-7.687
0,-9.417
1,-29.374
0,-9.785
0,-6.574
0,-9.435
1,-19.242
0,-5.73
2,-12.967
0,-4.763
0,-8.669
0,-5.255
0,-4.657
2,-12.206
0,-6.604
1,-20.58
2,-13.75
2,-10.412
2,-14.873
0,-5.477
2,-12.654
2,-12.994
0,-7.535
2,-11.398
2,-16.243
2,-12.611
1,-18.529
2,-13.98
2,-11.704
2,-9.983
2,-16.265
2,-14.314
0,-4.392
0,-5.377
0,-5.625
0,-8.365
1,-21.999
2,-13.448
1,-23.005
0,-4.62
0,-7.256
2,-14.807
2,-12.044
0,-8.317
0,-9.071
0,-7.284
0,-4.034
0,-8.333
0,-7.715
0,-8.078
1,-18.161
2,-11.092
2,-11.411
0,-7.597
0,-9.752
0,-6.399
0,-4.258
2,-17.419
0,-8.015
0,-9.763
2,-14.36
2,-15.912
2,-13.546
2,-16.822
0,-5.771
1,-21.519
0,-8.527
1,-32.586
0,-6.047
0,-3.321
1,-24.112
1,-23.907
2,-16.102
2,-13.328
0,-9.838
1,-19.468
1,-18.208
2,-15.808
0,-5.111
0,-6.98
0,-8.42
2,-12.054
0,-3.313
1,-20.139
0,-9.785
1,-28.603
0,-6.083
2,-10.877
1,-19.308
2,-11.778
0,-8.588
1,-18.692
0,-7.532
0,-8.88
2,-10.558
2,-14.071
2,-12.169
2,-17.677
0,-9.812
2,-12.836
0,-7.482
0,-6.289
2,-14.258
0,-6.361
2,-13.797
2,-9.957
2,-12.009
2,-11.836
0,-5.66
2,-13.21
2,-10.666
2,-14.629
0,-3.989
0,-3.856
0,-8.737
0,-7.246
0,-9.255
2,-16.941
2,-16.076
0,-8.85
0,-6.567
0,-5.651
2,-10.419
0,-9.021
1,-28.406
0,-6.615
0,-5.266
0,-5.128
0,-4.21
2,-12.211
0,-7.063
2,-10.134
0,-7.773
2,-15.096
0,-7.066
1,-21.45
0,-5.492
0,-4.73
0,-5.958
0,-8.613
0,-4.384
0,-5.771
0,-5.499
0,-8.765
0,-6.61
2,-16.161
0,-6.247
0,-6.336
0,-5.208
1,-22.235
0,-4.682
0,-4.741
2,-10.387
0,-9.759
0,-9.866
0,-7.1
2,-14.489
0,-7.984
0,-7.238
1,-19.941
2,-16.469
0,-3.662
0,-4.692
2,-13.04
1,-30.387
2,-9.989
2,-16.218
0,-6.077
0,-8.962
2,-13.53
2,-11.185
2,-14.525
2,-14.811
0,-5.663
2,-11.462
0,-9.308
2,-15.83
0,-7.806
0,-6.838
2,-14.194
0,-6.604
0,-5.775
2,-10.541
0,-3.778
2,-17.611
2,-12.183
0,-8.885
0,-8.535
0,-5.446
2,-10.819
0,-9.452
2,-11.769
0,-7.613
0,-5.015
0,-4.003
0,-3.944
2,-12.066
0,-5.971
0,-5.388
0,-9.095
0,-5.548
0,-6.708
0,-6.548
2,-16.972
2,-17.053
2,-10.104
0,-5.713
2,-16.308
0,-5.157
2,-13.844
2,-10.599
2,-16.503
2,-12.969
0,-9.546
2,-17.276
0,-9.309
0,-6.86
2,-16.472
2,-13.157
0,-9.691
0,-9.139
1,-29.342
0,-5.431
2,-13.347
1,-28.416
0,-5.827
0,-5.055
2,-11.224
2,-16.963
0,-8.762
0,-8.817
0,-9.213
0,-4.129
2,-12.38
2,-15.001
2,-17.075
2,-11.655
0,-9.531
0,-9.528
2,-14.613
0,-8.615
2,-14.09
0,-3.357
2,-15.911
0,-7.383
0,-7.028
1,-25.752
1,-24.22
2,-16.862
2,-16.682
2,-12.235
0,-8.149
0,-8.924
1,-26.469
2,-15.235
0,-8.873
2,-16.945
0,-4.286
0,-7.553
1,-41.806
1,-19.345
2,-17.198
0,-6.311
0,-8.403
2,-11.732
0,-8.234
2,-17.728
0,-6.309
1,-25.342
0,-7.677
0,-8.807
0,-6.114
2,-15.474
0,-9.518
0,-7.325
1,-19.411
2,-15.188
2,-17.253
1,-30.854
0,-7.013
1,-25.458
0,-7.973
0,-9.168
0,-7.703
1,-22.377
2,-13.239
2,-10.017
0,-9.114
0,-9.217
0,-8.183
2,-15.813
0,-9.277
2,-13.615
2,-13.781
0,-9.693
0,-6.373
0,-5.049
1,-23.923
0,-3.823
0,-9.726
0,-5.563
2,-11.179
0,-3.282
0,-6.452
0,-9.324
2,-12.769
0,-6.392
0,-6.655
1,-25.349
0,-4.481
0,-4.66
0,-6.73
2,-11.867
0,-8.278
0,-8.208
2,-12.452
0,-3.753
1,-18.498
0,-5.652
0,-8.99
2,-13.906
0,-3.624
0,-5.113
0,-4.706
0,-3.851
0,-3.352
2,-15.135
0,-5.672
2,-11.298
0,-8.489
0,-7.204
0,-7.412
2,-13.462
0,-6.291
0,-9.423
0,-7.571
0,-7.173
2,-14.931
0,-8.724
2,-14.237
0,-7.977
2,-16.758
0,-7.748
2,-10.462
2,-12.505
0,-3.194
0,-7.212
0,-7.417
0,-5.13
2,-13.552
2,-12.113
0,-9.645
2,-14.18
0,-6.292
0,-4.177
0,-6.303
1,-19.92
2,-10.149
0,-6.236
1,-23.577
2,-17.569
1,-20.343
0,-3.59
2,-10.554
0,-5.567
0,-8.025
2,-12.266
2,-10.692
0,-5.189
0,-7.872
0,-6.318
1,-21.394
2,-13.977
2,-15.622
0,-6.028
0,-4.045
0,-3.285
0,-7.163
0,-4.82
0,-4.902
2,-14.512
0,-3.176
0,-9.349
2,-14.313
1,-20.737
0,-9.353
2,-12.464
2,-12.967
0,-5.723
0,-7.916
2,-17.216
0,-3.103
2,-14.768
0,-5.977
2,-12.555
2,-17.621
0,-9.146
0,-5.775
2,-14.962
2,-15.853
2,-12.688
2,-16.154
2,-10.307
0,-4.104
0,-9.152
1,-25.556
0,-4.612
0,-3.831
0,-3.315
2,-11.887
1,-18.342
0,-5.074
2,-11.923
0,-8.189
2,-14.451
0,-3.737
0,-7.372
2,-10.44
2,-14.866
0,-9.718
0,-9.364
0,-6.326
1,-27.863
2,-13.526
2,-16.685
2,-12.872
0,-6.135
0,-5.152
0,-9.07
0,-7.386
2,-10.998
0,-7.711
0,-5.344
0,-6.73
0,-5.437
2,-10.174
0,-6.609
1,-26.455
0,-9.444
2,-12.898
2,-15.251
0,-4.521
0,-5.77
2,-11.019
2,-11.619
2,-10.978
2,-16.077
2,-14.274
2,-10.432
0,-5.533
0,-4.713
2,-10.486
0,-6.253
2,-12.535
0,-8.575
2,-13.353
0,-3.97
2,-10.179
1,-22.34
0,-7.627
0,-5.388
2,-16.69
0,-5.044
0,-8.053
0,-9.686
0,-7.46
2,-11.812
0,-8.039
0,-7.106
2,-11.062
0,-9.821
2,-12.041
0,-7.779
0,-6.94
0,-5.762
0,-4.019
0,-5.529
0,-4.058
0,-6.895
2,-12.5
0,-7.072
0,-5.388
2,-14.374
0,-9.152
2,-13.456
0,-3.798
2,-11.487
0,-8.908
0,-6.489
0,-9.237
2,-15.089
1,-27.942
0,-3.254
2,-12.466
2,-9.959
0,-7.098
0,-4.963
0,-8.412
1,-27.24
2,-10.775
0,-6.806
2,-12.083
2,-10.652
0,-6.654
0,-8.036
2,-10.235
0,-6.479
2,-12.82
0,-4.219
0,-8.796
0,-8.096
2,-11.554
1,-18.044
0,-6.635
0,-4.194
0,-7.759
0,-9.165
2,-10.516
0,-6.969
0,-7.344
0,-8.031
2,-12.068
1,-18.095
0,-7.331
0,-2.307
0,-6.043
0,-5.233
0,-6.681
0,-9.174
2,-10.351
0,-8.892
0,-7.902
2,-10.26
0,-7.321
1,-27.564
0,-6.782
2,-11.914
1,-20.058
0,-9.097
0,-8.22
2,-12.177
2,-16.701
2,-10.871
2,-13.186
1,-25.266
0,-8.33
0,-3.649
2,-11.81
0,-5.84
0,-6.642
0,-8.027
0,-4.948
1,-20.823
1,-24.457
2,-12.345
0,-9.424
0,-7.993
0,-4.939
0,-3.807
2,-15.506
2,-14.302
2,-10.367
1,-20.243
0,-7.973
2,-11.724
0,-8.061
2,-13.664
0,-9.046
0,-8.588
0,-7.397
2,-12.415
2,-14.152
0,-5.537
2,-12.692
0,-8.037
2,-13.4
0,-6.967
0,-8.149
0,-6.61
2,-10.285
0,-7.882
0,-5.759
0,-6.08
2,-13.948
0,-3.828
2,-11.946
1,-20.55
0,-9.113
0,-6.804
2,-12.908
0,-5.104
2,-12.541
2,-16.611
0,-7.956
0,-6.142
0,-5.591
2,-15.873
2,-12.006
0,-8.985
2,-15.081
0,-7.341
0,-5.073
2,-14.528
0,-1.651
0,-6.066
0,-7.347
0,-5.768
0,-6.8
2,-13.278
2,-10.027
2,-16.118
2,-17.954
2,-16.961
0,-6.913
2,-13.192
1,-20.779
2,-12.497
0,-9.022
0,-6.357
2,-12.575
0,-7.357
0,-6.145
2,-10.115
2,-14.908
0,-6.623
0,-5.914
0,-5.632
0,-3.984
0,-1.983
0,-5.932
2,-11.531
2,-11.737
2,-11.281
1,-30.285
0,-8.813
0,-5.33
2,-17.528
2,-16.696
0,-9.645
0,-4.779
0,-3.217
1,-22.646
1,-18.899
2,-9.912
2,-10.488
0,-3.469
0,-5.932
0,-7.894
2,-13.599
0,-7.042
2,-17.455
0,-6.046
0,-9.621
0,-7.004
2,-11.795
1,-23.109
2,-11.38
0,-7.736
2,-10.7
0,-9.12
0,-6.726
0,-5.271
0,-3.193
0,-5.09
2,-11.166
2,-12.53
0,-5.642
2,-16.892
1,-19.07
0,-3.696
0,-7.679
0,-5.562
1,-20.246
0,-7.914
2,-13.173
0,-5.571
2,-14.743
2,-14.292
2,-10.303
2,-12.24
2,-12.128
1,-24.447
2,-13.291
0,-3.695
0,-6.818
0,-9.703
2,-9.906
0,-3.414
1,-24.732
0,-6.013
0,-5.769
2,-11.51
2,-13.45
0,-5.217
0,-5.407
0,-4.177
2,-10.955
0,-7.597
0,-9.691
0,-5.211
2,-17.496
2,-14.641
0,-7.202
2,-11.013
0,-7.774
2,-11.927
0,-8.065
2,-10.117
2,-17.635
0,-4.469
0,-4.561
2,-10.271
2,-10.002
2,-10.216
2,-12.297
2,-14.234
0,-6.037
0,-6.846
1,-18.619
2,-11.437
2,-16.314
0,-9.745
2,-12.332
2,-16.456
0,-4.621
2,-11.432
2,-12.562
2,-12.67
2,-14.519
2,-11.026
0,-9.004
0,-7.0
0,-9.384
0,-7.694
0,-7.17
0,-8.163
0,-5.661
2,-11.733
2,-15.783
0,-6.258
2,-15.567
0,-6.072
0,-8.256
0,-5.637
0,-6.563
2,-10.693
0,-5.65
2,-10.403
0,-9.742
0,-6.045
0,-5.179
0,-7.483
2,-14.883
0,-9.833
0,-6.856
0,-6.668
0,-8.814
0,-4.736
2,-10.448
2,-9.994
0,-5.573
0,-5.844
0,-8.015
2,-12.595
0,-3.619
0,-5.59
2,-10.316
0,-6.244
0,-8.48
0,-8.298
2,-13.102
2,-15.799
0,-7.21
0,-5.464
0,-5.036
1,-18.119
2,-13.013
1,-18.148
1,-19.744
0,-9.394
0,-9.845
1,-41.691
0,-6.569
0,-6.5
0,-7.633
0,-4.6
0,-7.162
0,-5.334
2,-17.725
0,-7.482
0,-7.376
0,-6.147
0,-6.748
0,-3.699
0,-8.525
0,-7.385
0,-8.849
1,-24.729
0,-4.201
1,-23.246
0,-6.176
2,-10.429
0,-6.029
0,-9.363
1,-23.685
0,-5.044
2,-15.582
2,-13.084
0,-7.759
2,-17.294
0,-6.743
2,-13.974
2,-11.058
0,-4.192
0,-3.59
0,-4.431
0,-9.516
0,-6.691
0,-8.931
2,-16.28
0,-7.319
2,-14.932
0,-9.193
0,-7.753
2,-12.53
2,-17.369
0,-6.436
0,-8.128
2,-10.964
2,-14.544
0,-3.887
2,-13.526
0,-3.233
1,-21.161
0,-8.549
2,-11.998
0,-6.503
0,-7.38
0,-7.322
1,-27.754
2,-10.918
0,-5.419
2,-10.721
0,-9.014
0,-7.111
0,-2.911
2,-10.409
2,-13.488
0,-6.351
1,-18.36
1,-23.576
2,-13.548
2,-11.324
2,-15.631
2,-17.001
0,-7.22
1,-21.429
1,-23.129
2,-10.958
2,-12.8
0,-9.008
0,-5.511
0,-8.814
0,-7.184
0,-8.644
2,-10.507
0,-5.206
1,-25.661
0,-5.329
1,-27.748
1,-20.594
0,-9.105
0,-7.761
0,-5.41
2,-12.993
0,-7.711
0,-7.278
2,-14.296
2,-12.508
0,-8.662
2,-15.734
1,-25.736
0,-4.931
0,-5.827
0,-6.338
2,-15.49
0,-5.778
0,-6.904
0,-9.369
0,-9.421
1,-19.797
0,-9.836
0,-6.523
0,-4.557
0,-8.171
0,-6.623
2,-12.463
0,-8.686
0,-8.042
2,-12.71
0,-9.647
0,-7.75
2,-12.186
0,-5.01
1,-30.82
0,-8.218
2,-15.476
2,-17.588
2,-13.308
0,-4.609
0,-4.493
0,-8.527
0,-5.933
2,-12.723
2,-11.861
0,-5.225
0,-4.952
0,-5.018
0,-8.09
0,-6.194
0,-6.693
0,-4.935
1,-19.569
1,-22.457
0,-9.081
2,-15.682
0,-7.324
0,-5.982
1,-28.95
0,-2.908
2,-15.512
0,-4.769
0,-7.092
0,-8.623
2,-17.929
0,-9.246
2,-10.182
2,-15.084
0,-7.416
2,-15.447
0,-7.324
0,-6.53
0,-9.581
2,-13.092
0,-8.448
0,-7.377
0,-6.858
0,-8.896
0,-6.422
0,-4.777
0,-4.875
2,-12.494
0,-4.994
2,-11.574
0,-8.649
0,-4.388
0,-7.228
0,-9.774
0,-5.608
2,-13.35
0,-8.677
0,-8.512
0,-5.144
2,-13.234
0,-7.053
0,-5.221
0,-5.978
1,-21.585
0,-5.175
0,-7.248
2,-13.276
2,-14.061
1,-26.288
0,-5.225
0,-8.336
2,-12.062
2,-16.553
2,-10.439
2,-14.4
0,-3.423
2,-14.876
0,-5.17
0,-5.005
0,-4.871
0,-9.155
2,-17.726
0,-7.944
0,-6.361
0,-8.036
0,-4.865
0,-5.135
0,-7.402
0,-8.665
2,-15.863
0,-9.324
2,-12.596
0,-3.683
2,-15.244
0,-9.86
2,-15.111
0,-8.371
2,-13.924
0,-4.433
0,-4.968
0,-5.652
0,-4.566
1,-21.874
0,-7.272
2,-13.014
0,-7.468
2,-11.48
2,-11.413
2,-16.285
2,-12.576
0,-6.34
2,-10.507
0,-6.918
2,-10.228
2,-14.819
0,-8.122
0,-5.864
2,-12.061
0,-7.165
1,-26.062
2,-10.76
2,-14.1
2,-13.91
0,-4.672
1,-30.726
2,-15.6
0,-6.13
2,-14.103
2,-14.498
0,-3.894
0,-5.956
0,-9.698
2,-16.322
0,-8.558
2,-10.331
0,-9.336
0,-7.262
2,-12.193
2,-16.111
2,-15.064
2,-11.803
0,-9.648
2,-16.017
0,-4.795
2,-13.961
0,-4.428
0,-2.253
0,-8.274
0,-8.513
1,-35.251
0,-9.02
2,-11.688
2,-12.988
2,-11.688
2,-10.529
0,-6.268
0,-4.045
0,-7.435
0,-6.274
2,-10.344
1,-18.967
0,-9.286
1,-19.36
2,-14.002
0,-7.746
0,-8.701
0,-9.732
0,-5.015
0,-6.594
0,-5.933
2,-13.535
0,-8.28
0,-5.965
0,-7.714
0,-7.36
0,-5.239
2,-12.986
2,-12.686
0,-7.365
0,-5.072
0,-7.622
2,-11.494
0,-6.223
0,-6.894
2,-10.271
2,-15.176
2,-14.57
0,-6.295
2,-12.525
1,-18.637
0,-7.051
0,-9.417
0,-9.557
1,-18.03
0,-7.484
2,-11.851
2,-17.846
2,-12.338
0,-5.046
0,-5.026
0,-4.757
0,-5.419
0,-3.508
0,-9.259
2,-15.686
2,-14.923
1,-18.696
0,-3.779
2,-10.204
1,-21.49
0,-9.758
2,-12.367
2,-15.033
2,-11.403
0,-9.723
0,-7.198
2,-14.175
0,-6.565
1,-21.031
1,-28.158
2,-16.21
0,-7.335
0,-7.746
2,-14.377
0,-9.298
2,-14.316
0,-8.329
1,-19.697
0,-4.618
0,-5.985
2,-13.551
1,-21.304
2,-11.273
0,-7.077
0,-6.709
2,-13.03
2,-12.494
2,-17.516
0,-3.977
2,-11.899
0,-8.138
2,-12.919
0,-6.379
0,-4.256
2,-14.359
2,-16.964
0,-5.984
2,-10.849
2,-15.149
2,-10.649
1,-18.22
1,-20.934
2,-11.953
0,-3.947
2,-14.79
0,-9.462
0,-5.509
0,-7.35
0,-3.862
2,-12.162
2,-16.891
0,-8.216
0,-5.251
0,-4.024
2,-12.99
0,-9.565
2,-12.789
2,-14.535
0,-3.869
0,-7.899
0,-5.819
0,-6.957
0,-3.819
1,-25.471
0,-4.845
2,-10.496
2,-14.299
0,-7.546
0,-6.902
0,-7.235
0,-9.816
0,-9.462
0,-7.616
0,-9.405
0,-8.988
0,-7.088
2,-17.84
0,-6.139
0,-8.242
0,-6.217
0,-5.518
0,-8.264
0,-7.91
0,-9.464
0,-8.689
0,-3.884
2,-10.426
2,-12.418
0,-9.612
2,-13.557
0,-9.306
0,-4.07
2,-12.998
0,-6.143
0,-7.971
0,-6.263
0,-9.068
2,-14.636
0,-4.87
0,-9.385
0,-7.604
2,-14.166
0,-8.693
0,-6.669
0,-6.194
0,-4.293
2,-17.074
2,-12.422
2,-17.241
2,-11.133
1,-18.674
0,-9.252
2,-16.292
0,-7.547
0,-6.857
2,-15.941
2,-13.259
2,-11.992
2,-10.485
2,-12.73
0,-7.911
2,-12.704
0,-7.622
0,-8.196
0,-8.146
0,-5.432
0,-9.472
1,-20.269
1,-24.057
1,-18.302
2,-16.223
2,-14.441
2,-14.373
0,-7.714
2,-10.451
2,-11.879
0,-8.263
1,-26.024
0,-8.837
2,-11.861
2,-11.188
2,-17.17
2,-15.93
1,-24.904
0,-8.597
1,-18.745
0,-4.734
0,-4.146
1,-19.212
2,-11.049
0,-9.888
0,-8.006
0,-7.497
0,-7.307
2,-13.485
0,-7.176
0,-5.67
0,-6.819
1,-22.694
0,-7.255
2,-14.873
0,-6.093
1,-21.569
2,-11.675
0,-3.935
0,-5.03
0,-6.357
2,-10.386
0,-5.244
2,-13.798
2,-12.271
1,-22.177
2,-10.73
1,-23.611
0,-7.787
0,-6.621
2,-12.992
0,-6.827
2,-12.183
2,-10.859
2,-9.965
0,-4.135
0,-8.253
0,-6.234
2,-12.368
2,-17.321
0,-8.574
2,-13.826
0,-4.658
1,-21.141
2,-12.36
0,-5.264
0,-5.936
0,-3.878
0,-8.592
0,-5.865
0,-6.021
0,-6.062
0,-8.81
0,-7.174
0,-4.309
0,-8.112
2,-12.529
2,-17.943
0,-8.446
0,-8.869
0,-8.039
0,-8.613
2,-15.511
0,-6.172
1,-18.822
2,-10.451
0,-6.927
2,-16.531
0,-8.6
2,-17.684
0,-7.689
2,-14.042
0,-6.272
0,-9.791
0,-8.529
2,-12.693
0,-5.28
0,-5.52
0,-4.867
0,-3.676
0,-8.35
0,-9.578
1,-18.662
0,-7.968
2,-12.469
2,-15.61
0,-5.029
2,-14.245
0,-7.724
0,-3.509
0,-8.777
2,-13.318
2,-12.88
2,-14.659
2,-13.928
2,-17.55
2,-11.186
0,-5.808
2,-12.917
0,-8.666
0,-4.859
0,-6.748
0,-6.393
2,-13.608
2,-16.51
2,-11.963
0,-8.957
2,-16.626
2,-11.876
0,-2.246
0,-3.589
2,-11.865
0,-5.714
0,-9.074
1,-18.054
2,-12.998
2,-12.796
1,-23.145
1,-25.056
0,-6.434
2,-15.046
2,-17.913
2,-13.051
2,-12.859
2,-14.232
2,-9.933
2,-12.567
0,-4.277
2,-10.112
2,-11.219
0,-6.694
2,-13.785
0,-5.41
0,-4.884
1,-26.44
1,-39.325
0,-9.503
1,-21.032
0,-8.546
1,-21.141
2,-15.086
0,-8.229
0,-6.712
2,-11.131
0,-1.672
2,-10.032
0,-7.926
2,-12.484
2,-17.127
2,-10.782
2,-10.752
1,-22.28
2,-13.159
2,-12.878
0,-8.282
2,-12.98
0,-7.531
0,-4.355
2,-11.828
0,-5.651
0,-8.006
0,-8.902
2,-11.768
0,-9.795
2,-11.166
2,-11.002
2,-10.87
0,-4.792
1,-21.916
0,-9.253
1,-18.765
0,-3.594
2,-11.91
0,-5.08
0,-2.517
0,-4.162
0,-6.153
0,-5.686
2,-12.057
0,-9.498
0,-5.703
0,-7.468
0,-3.631
2,-11.336
0,-5.125
2,-11.677
0,-6.818
0,-5.038
0,-3.547
0,-4.456
0,-7.637
2,-15.209
2,-12.29
2,-10.45
0,-4.606
2,-10.317
0,-4.878
0,-5.968
0,-9.15
1,-22.187
0,-8.52
2,-13.763
2,-12.145
2,-16.229
0,-6.146
2,-16.323
2,-13.482
0,-5.979
0,-6.007
0,-6.183
0,-5.569
0,-7.559
0,-6.012
1,-18.328
2,-12.907
2,-16.923
0,-8.07
0,-9.003
0,-6.7
0,-6.132
2,-11.902
1,-19.306
0,-8.66
0,-7.671
0,-9.372
2,-15.118
2,-14.669
2,-11.837
2,-11.15
2,-13.879
1,-27.706
0,-9.696
2,-10.157
0,-4.178
2,-11.108
1,-28.096
2,-13.129
2,-11.584
2,-11.883
0,-2.045
1,-24.997
2,-13.47
0,-4.914
2,-10.168
0,-7.742
0,-8.218
1,-19.884
0,-4.625
1,-28.431
0,-8.975
2,-17.36
0,-3.592
0,-6.04
0,-5.032
1,-24.72
2,-16.536
2,-14.925
2,-10.474
2,-10.248
1,-19.406
2,-11.92
0,-8.316
0,-6.854
0,-8.007
0,-6.571
0,-5.482
0,-5.804
0,-8.189
0,-5.396
2,-15.636
2,-14.696
0,-5.537
0,-6.136
0,-9.427
2,-12.997
1,-18.942
2,-9.999
2,-12.893
2,-16.227
2,-10.132
2,-17.33
2,-10.228
0,-8.099
0,-5.472
2,-12.992
2,-10.032
0,-5.187
1,-18.671
2,-11.83
0,-7.087
0,-8.693
2,-16.757
0,-8.535
2,-12.733
0,-3.533
2,-9.922
0,-3.972
0,-5.407
0,-6.114
0,-6.806
0,-4.436
0,-5.559
2,-14.928
2,-10.589
0,-4.403
2,-10.008
2,-12.532
0,-9.394
2,-14.159
0,-4.747
2,-10.922
0,-8.027
0,-4.3
2,-13.4
0,-5.668
2,-15.085
0,-7.084
1,-32.166
0,-9.237
1,-26.527
2,-11.283
1,-23.172
0,-6.412
0,-8.355
1,-26.246
0,-7.95
2,-13.691
2,-14.445
0,-7.324
2,-9.958
2,-14.113
2,-11.416
0,-6.433
2,-15.339
0,-8.602
0,-9.517
0,-5.232
2,-14.507
0,-3.242
1,-25.416
0,-5.769
2,-17.514
1,-22.786
0,-6.001
2,-11.323
0,-7.695
2,-12.123
0,-5.19
0,-6.077
0,-7.317
2,-12.793
0,-4.449
0,-7.863
0,-6.658
0,-4.537
0,-6.887
2,-15.972
0,-6.941
0,-9.079
0,-5.779
2,-11.041
0,-7.651
2,-17.839
0,-7.604
0,-6.641
0,-8.38
0,-7.492
2,-11.61
2,-15.603
2,-10.672
2,-13.485
2,-10.797
0,-5.805
2,-10.427
0,-9.406
1,-24.669
0,-9.253
2,-10.672
2,-10.789
2,-13.316
0,-6.363
0,-9.769
2,-16.755
0,-2.62
2,-11.519
0,-6.149
2,-10.751
1,-19.67
2,-17.67
0,-4.188
2,-14.233
2,-14.616
2,-11.769
2,-14.471
0,-6.324
2,-12.968
0,-9.817
0,-4.936
2,-11.621
2,-15.525
0,-5.938
0,-8.709
2,-16.141
2,-11.082
0,-8.539
1,-18.014
0,-5.892
0,-3.674
0,-3.925
0,-5.376
2,-11.13
1,-26.232
2,-11.083
0,-9.74
2,-12.382
2,-11.048
2,-15.698
0,-7.896
2,-15.406
0,-5.116
2,-15.324
0,-5.272
2,-17.471
0,-6.741
0,-6.409
0,-6.148
0,-5.989
0,-9.201
0,-6.058
0,-3.092
0,-6.612
0,-5.243
2,-13.111
0,-9.435
2,-13.522
0,-7.633
0,-8.72
0,-3.212
2,-10.449
0,-9.883
2,-17.346
0,-6.59
0,-9.027
0,-8.663
0,-9.169
0,-5.346
2,-12.061
2,-12.732
0,-5.359
2,-12.741
0,-5.699
0,-7.163
0,-5.664
0,-8.593
2,-11.918
0,-6.077
2,-13.901
0,-7.805
0,-7.029
2,-13.509
1,-22.474
0,-7.897
2,-10.152
2,-11.667
0,-5.823
1,-19.407
0,-6.664
1,-21.694
1,-21.403
0,-8.0
0,-5.84
2,-10.688
1,-20.247
0,-6.776
0,-5.663
0,-4.83
0,-7.616
0,-5.587
2,-16.142
0,-5.759
0,-8.882
0,-7.736
1,-18.58
0,-3.173
0,-5.73
2,-12.916
2,-11.634
0,-5.267
2,-12.432
2,-16.532
0,-9.609
2,-11.113
1,-20.731
1,-23.041
2,-10.786
0,-6.327
0,-6.153
0,-5.275
0,-6.568
2,-11.168
2,-13.209
1,-22.507
2,-11.172
1,-22.226
0,-9.097
0,-9.594
2,-10.589
2,-10.734
0,-3.294
2,-11.278
1,-21.343
0,-3.238
0,-4.227
0,-3.693
2,-17.665
2,-15.342
0,-6.397
1,-18.389
0,-9.024
0,-9.515
0,-4.652
0,-9.794
0,-5.743
0,-4.757
0,-8.283
0,-6.191
0,-5.679
0,-7.95
2,-14.604
1,-24.35
2,-11.594
0,-4.789
0,-6.892
2,-10.19
0,-7.355
2,-10.607
0,-5.27
0,-7.779
0,-5.716
1,-21.307
0,-5.061
2,-11.531
2,-15.226
2,-17.317
0,-6.671
0,-5.729
0,-8.684
2,-11.38
2,-13.645
2,-11.769
0,-4.799
1,-20.665
0,-4.802
1,-18.179
0,-7.862
2,-15.234
0,-3.018
0,-5.046
0,-8.352
2,-12.063
0,-7.128
2,-17.624
0,-6.61
2,-16.853
2,-10.025
2,-15.918
2,-14.283
0,-7.761
2,-10.503
2,-11.711
2,-15.631
2,-14.16
2,-15.893
2,-14.276
0,-6.658
2,-15.828
0,-7.522
2,-17.279
0,-6.074
0,-7.327
2,-12.427
0,-8.209
0,-3.593
2,-11.61
2,-13.878
2,-12.077
1,-21.166
0,-4.954
1,-26.845
0,-4.278
1,-25.205
0,-7.889
2,-13.963
2,-11.366
2,-12.37
1,-32.238
2,-16.387
0,-3.941
2,-12.968
0,-4.65
0,-3.934
0,-4.691
0,-7.233
0,-6.264
2,-14.419
2,-11.31
0,-3.347
2,-11.59
2,-10.681
1,-19.297
0,-4.157
0,-4.247
2,-14.014
1,-20.847
2,-17.065
0,-5.205
0,-7.534
1,-21.491
2,-14.107
2,-11.013
2,-9.889
0,-7.844
1,-20.729
2,-16.657
2,-12.881
0,-9.606
0,-4.67
2,-17.315
2,-11.512
2,-11.588
0,-6.445
0,-7.938
2,-11.0
0,-6.083
0,-7.501
0,-7.012
1,-18.063
0,-4.346
1,-19.365
0,-2.027
2,-10.82
0,-4.824
0,-9.807
2,-15.784
0,-7.982
1,-18.497
2,-17.916
0,-9.412
2,-15.431
2,-15.541
0,-5.447
0,-8.023
1,-19.404
0,-5.274
2,-13.275
0,-4.348
0,-4.594
0,-4.732
0,-7.602
2,-17.813
0,-6.36
0,-4.433
0,-6.718
2,-12.838
2,-11.705
0,-7.607
0,-4.317
2,-16.176
0,-6.632
0,-8.539
2,-11.471
2,-12.983
0,-4.33
0,-4.769
2,-14.689
2,-12.624
0,-7.016
0,-8.955
0,-9.093
0,-3.565
0,-3.952
2,-14.281
0,-4.507
0,-4.824
2,-10.961
0,-7.819
2,-11.49
0,-5.788
2,-15.218
0,-4.768
2,-12.995
2,-14.479
0,-6.567
2,-10.275
2,-11.051
1,-18.986
0,-8.714
0,-5.967
1,-18.994
0,-5.903
0,-7.7
2,-11.298
0,-7.083
2,-11.131
0,-6.032
0,-3.39
0,-7.958
0,-2.76
2,-15.525
2,-12.256
0,-5.281
0,-8.858
0,-8.278
2,-13.383
1,-26.631
2,-10.418
0,-8.834
2,-17.389
1,-22.875
2,-14.627
2,-10.218
2,-14.299
2,-13.855
1,-26.688
2,-10.052
2,-10.003
0,-8.232
2,-13.708
0,-6.841
0,-6.737
0,-6.832
0,-6.315
0,-8.698
0,-5.296
0,-5.79
2,-13.559
0,-8.315
0,-8.036
0,-6.611
0,-8.146
0,-9.628
1,-27.685
0,-7.224
0,-5.286
2,-17.816
0,-6.754
0,-9.467
0,-5.639
0,-8.441
1,-23.593
0,-3.782
0,-9.171
0,-6.872
2,-14.122
2,-17.876
0,-6.124
2,-9.936
2,-14.254
1,-27.336
2,-15.79
0,-6.466
0,-4.358
1,-35.277
0,-9.041
0,-8.999
1,-26.309
0,-8.816
0,-8.6
0,-4.163
2,-10.366
0,-5.204
2,-12.166
0,-7.387
2,-11.362
0,-5.08
0,-6.373
1,-26.765
2,-13.601
0,-9.777
1,-22.016
1,-21.523
2,-10.273
0,-5.879
2,-10.416
1,-22.033
2,-11.765
2,-13.963
2,-14.798
0,-4.811
1,-25.613
0,-6.707
0,-5.668
0,-9.079
2,-15.734
2,-15.794
0,-5.24
0,-5.622
2,-14.523
0,-9.242
0,-3.861
1,-20.523
0,-7.107
2,-12.032
1,-18.446
0,-6.898
2,-10.777
0,-7.29
2,-11.906
2,-13.27
0,-8.168
0,-8.214
0,-7.92
2,-10.224
0,-8.839
0,-7.152
2,-9.984
0,-9.799
2,-12.685
0,-9.633
2,-13.207
0,-6.34
0,-7.858
0,-9.54
0,-9.361
2,-12.538
2,-10.612
2,-14.334
2,-11.574
0,-5.747
0,-6.025
2,-10.462
2,-17.548
0,-4.881
2,-12.098
0,-4.771
2,-15.967
2,-11.215
2,-12.439
0,-6.033
2,-13.816
0,-8.959
0,-8.16
2,-14.447
0,-4.872
0,-6.543
2,-11.536
0,-7.246
2,-11.349
2,-12.153
0,-8.141
2,-11.316
1,-21.763
0,-7.461
0,-4.431
2,-11.213
0,-8.164
2,-15.854
0,-4.469
2,-13.297
0,-5.554
1,-31.346
2,-13.805
2,-11.761
1,-18.421
2,-13.132
0,-5.717
0,-7.254
0,-9.271
0,-3.163
2,-15.726
0,-4.46
2,-10.223
0,-7.132
0,-8.649
0,-8.74
0,-3.629
0,-3.124
0,-4.905
0,-8.525
0,-6.929
2,-15.838
0,-6.339
0,-6.014
2,-14.355
2,-10.124
2,-17.058
0,-5.065
0,-4.518
0,-7.914
0,-3.215
0,-7.101
0,-5.235
2,-13.435
2,-16.059
2,-14.05
2,-11.996
1,-19.454
2,-16.676
0,-5.802
0,-6.177
2,-13.613
2,-11.949
0,-7.91
0,-8.214
0,-7.207
0,-3.779
0,-6.505
0,-7.488
2,-16.487
2,-12.175
2,-16.508
2,-15.02
0,-9.79
2,-13.323
0,-8.034
2,-17.271
2,-13.77
2,-16.797
0,-7.765
2,-10.333
0,-3.528
0,-9.159
0,-5.362
0,-8.235
0,-9.015
0,-5.988
2,-10.775
0,-8.351
0,-2.694
2,-14.037
0,-5.681
1,-17.977
0,-9.636
0,-7.812
0,-3.869
0,-7.465
0,-7.392
2,-12.183
0,-6.704
2,-12.527
2,-12.797
2,-14.094
0,-8.972
2,-13.632
2,-13.173
0,-4.935
2,-10.182
2,-12.228
2,-10.959
0,-5.131
2,-13.943
2,-13.269
0,-7.076
0,-8.701
0,-7.196
0,-6.176
0,-6.765
0,-7.929
2,-15.08
1,-24.19
0,-7.364
0,-8.03
2,-11.832
0,-7.481
0,-7.545
0,-4.399
0,-5.134
0,-8.473
0,-6.244
2,-15.852
0,-5.812
1,-21.056
0,-5.665
0,-5.671
2,-10.111
0,-8.643
0,-3.633
2,-12.321
2,-15.971
0,-8.536
1,-20.274
2,-14.492
0,-5.72
2,-14.28
0,-5.132
2,-14.043
0,-9.428
2,-14.399
1,-28.547
2,-13.008
2,-15.315
0,-5.212
0,-7.03
0,-5.132
0,-5.758
0,-8.899
0,-6.014
0,-9.456
2,-10.837
2,-15.572
0,-7.64
0,-8.105
1,-25.369
2,-14.612
2,-10.32
0,-2.846
0,-7.603
1,-19.195
2,-14.089
0,-7.196
2,-12.086
2,-10.7
0,-9.148
2,-12.369
2,-12.141
0,-7.401
0,-7.24
0,-6.627
2,-15.759
0,-5.988
2,-11.106
2,-11.568
0,-6.558
2,-15.233
2,-16.037
0,-4.495
2,-17.186
2,-14.264
2,-14.855
2,-10.728
0,-3.924
2,-10.372
2,-11.975
0,-6.979
2,-9.965
0,-9.413
0,-9.406
2,-16.864
0,-9.846
2,-11.088
2,-10.602
2,-16.246
0,-6.641
0,-8.039
0,-6.294
0,-4.577
0,-6.399
0,-9.817
0,-6.439
1,-25.63
2,-13.229
0,-5.81
2,-12.159
0,0.566
0,-5.106
0,-3.214
0,-5.623
2,-10.616
0,-5.675
2,-17.51
2,-12.963
2,-13.941
2,-17.123
2,-12.903
2,-11.726
2,-10.644
0,-5.29
0,-3.145
0,-9.335
2,-9.909
0,-4.462
0,-9.884
2,-10.003
2,-12.55
2,-10.007
1,-25.677
0,-6.504
2,-17.422
1,-26.128
0,-5.521
2,-12.727
1,-18.006
0,-3.084
0,-5.755
2,-13.129
1,-18.682
0,-4.959
1,-18.463
0,-6.46
0,-4.952
0,-7.186
0,-6.736
2,-11.197
2,-10.03
2,-10.925
0,-6.94
2,-12.374
2,-16.465
0,-8.226
0,-6.446
2,-10.348
0,-7.8
2,-12.884
0,-8.192
0,-3.949
1,-25.499
2,-13.18
2,-14.129
0,-5.298
0,-5.823
1,-20.678
2,-10.164
0,-7.652
2,-15.011
1,-22.417
2,-12.272
2,-10.608
0,-5.587
0,-8.096
0,-8.67
1,-30.478
2,-10.851
0,-9.163
1,-19.572
0,-4.92
0,-5.929
0,-9.55
2,-11.675
1,-27.011
0,-8.903
2,-14.022
0,-9.508
0,-4.994
0,-3.723
2,-12.957
0,-8.601
2,-11.187
0,-9.579
0,-6.404
0,-7.512
2,-15.189
0,-7.367
0,-4.813
0,-6.947
0,-3.909
2,-10.841
0,-6.407
2,-15.901
2,-15.782
0,-6.455
0,-9.341
2,-15.469
0,-8.967
0,-2.87
2,-13.921
0,-6.1
2,-13.454
1,-23.202
0,-8.491
0,-7.173
0,-7.015
2,-11.145
0,-8.671
2,-14.849
1,-32.874
2,-12.256
2,-10.181
2,-13.716
0,-8.669
2,-17.165
0,-5.224
0,-5.914
2,-14.707
2,-9.9
2,-14.547
2,-12.748
2,-16.886
0,-6.538
0,-5.75
2,-16.021
0,-4.704
0,-6.969
0,-8.326
0,-6.335
0,-5.445
0,-4.386
0,-8.192
0,-8.622
0,-8.069
0,-8.416
0,-6.6
0,-2.979
0,-5.959
1,-25.163
0,-9.412
2,-16.301
0,-5.297
0,-4.94
1,-18.981
2,-9.944
0,-9.107
0,-9.652
0,-9.15
1,-19.777
0,-3.628
1,-25.604
0,-7.932
0,-4.367
0,-5.241
0,-6.601
0,-7.662
2,-11.87
2,-10.41
2,-12.418
0,-6.649
0,-8.943
2,-10.905
1,-26.383
2,-13.692
0,-8.634
0,-6.182
0,-5.617
0,-4.592
2,-15.713
2,-11.992
0,-5.433
2,-13.083
2,-12.352
0,-5.316
2,-14.966
2,-16.853
2,-10.782
0,-7.278
0,-6.224
0,-6.694
0,-3.842
0,-6.393
0,-7.633
2,-10.592
0,-6.125
0,-8.098
2,-17.169
2,-10.03
0,-7.057
0,-5.02
2,-10.67
0,-6.996
2,-14.832
2,-12.712
0,-8.858
0,-5.682
0,-4.063
0,-9.07
0,-5.827
0,-4.23
0,-6.066
2,-13.896
0,-6.013
2,-16.692
0,-7.949
0,-8.701
0,-7.549
0,-6.798
0,-7.417
2,-10.444
1,-18.339
1,-23.637
0,-2.525
1,-21.085
2,-14.845
0,-4.695
2,-13.25
2,-12.923
0,-6.331
2,-15.845
0,-8.213
0,-5.308
2,-10.882
2,-13.486
2,-11.667
2,-15.279
0,-8.331
0,-2.572
0,-3.471
0,-7.759
0,-6.146
2,-15.344
2,-12.911
2,-15.993
1,-21.623
2,-10.426
0,-8.007
1,-19.002
0,-9.356
1,-21.437
1,-32.887
2,-15.787
2,-15.456
0,-3.952
2,-11.961
2,-11.876
0,-5.564
2,-13.935
0,-6.247
2,-15.716
0,-7.546
0,-5.928
0,-6.859
0,-3.988
2,-17.73
0,-7.929
0,-6.005
0,-6.413
0,-2.541
2,-13.247
2,-10.069
2,-13.382
2,-11.44
2,-12.034
0,-7.818
0,-7.342
2,-10.886
2,-10.962
2,-10.906
0,-7.597
2,-10.449
1,-18.184
2,-11.594
2,-11.954
0,-6.08
2,-13.158
2,-10.796
0,-6.192
0,-6.591
0,-9.118
0,-9.838
0,-4.554
2,-11.084
0,-3.955
0,-4.8
2,-11.341
0,-4.762
0,-6.715
1,-18.969
2,-10.768
0,-7.151
0,-8.485
0,-6.856
0,-8.761
2,-10.826
2,-13.19
0,-8.202
1,-21.969
2,-15.606
2,-11.863
2,-17.944
0,-7.749
2,-14.466
1,-25.822
0,-6.137
0,-7.337
2,-15.647
0,-8.961
2,-13.949
0,-7.792
0,-8.04
0,-9.183
0,-5.721
0,-7.008
2,-13.538
0,-7.863
0,-4.747
2,-10.498
2,-11.799
2,-12.33
1,-26.514
0,-7.956
2,-11.018
2,-10.644
2,-12.382
0,-7.663
0,-8.511
0,-6.295
0,-8.145
0,-3.33
2,-15.872
2,-16.176
0,-5.804
2,-15.167
0,-3.853
1,-20.767
2,-12.686
2,-11.658
2,-11.051
2,-15.029
0,-7.041
0,-7.403
2,-13.505
0,-6.359
0,-7.066
0,-5.521
0,-6.923
2,-12.532
0,-6.776
0,-6.342
2,-11.429
2,-9.947
0,-5.415
2,-11.947
0,-2.818
0,-8.089
2,-15.309
0,-6.035
0,-7.048
0,-7.8
0,-1.827
2,-15.279
2,-10.847
0,-4.964
0,-9.272
2,-13.278
0,-5.048
2,-16.691
2,-9.947
0,-7.192
0,-9.124
2,-10.047
0,-3.653
0,-4.996
2,-14.32
2,-10.6
0,-6.766
0,-8.885
2,-12.7
0,-9.457
0,-6.103
0,-7.658
0,-9.248
2,-11.607
2,-11.574
1,-22.083
2,-12.397
2,-17.424
2,-10.38
0,-6.229
1,-25.342
0,-6.054
2,-12.663
2,-12.015
2,-14.84
0,-9.272
2,-11.996
2,-14.8
2,-11.599
0,-7.132
2,-11.672
1,-19.345
0,-9.181
0,-9.877
0,-5.579
0,-6.348
2,-14.77
2,-12.948
0,-8.852
0,-7.115
0,-6.513
2,-17.293
2,-14.874
0,-5.267
2,-15.409
0,-3.573
0,-7.016
2,-12.948
1,-38.148
1,-29.106
2,-11.443
2,-16.69
0,-8.165
0,-5.997
2,-12.908
0,-9.328
2,-15.812
2,-12.242
2,-14.292
0,-4.805
2,-13.921
2,-14.02
0,-5.7
0,-9.423
2,-10.665
0,-5.121
0,-7.736
1,-24.424
0,-4.395
0,-6.32
0,-6.342
0,-8.589
2,-11.441
0,-7.347
0,-5.426
0,-8.794
2,-15.037
0,-4.621
0,-7.742
2,-11.088
0,-7.753
0,-5.464
0,-2.644
2,-10.893
2,-10.347
0,-9.316
0,-9.053
0,-8.889
2,-10.62
1,-20.101
2,-14.989
0,-8.204
0,-5.564
0,-6.4
2,-12.157
0,-5.676
1,-23.086
2,-13.842
0,-7.427
0,-7.268
0,-6.923
2,-9.979
0,-5.558
1,-22.404
0,-5.766
0,-9.315
1,-20.32
2,-16.686
2,-10.983
0,-9.12
0,-9.878
2,-12.645
2,-11.212
0,-8.189
0,-6.469
2,-12.269
0,-8.212
0,-5.394
0,-1.217
0,-4.301
0,-8.933
0,-6.454
2,-10.634
0,-6.281
2,-14.057
1,-20.226
0,-6.137
0,-7.762
0,-3.275
0,-8.645
2,-13.427
0,-5.637
0,-6.076
2,-13.63
2,-17.793
0,-7.625
1,-23.465
2,-16.708
0,-5.539
0,-5.601
0,-7.532
2,-13.399
2,-11.947
0,-5.896
0,-6.492
0,-9.857
0,-4.28
2,-15.969
0,-7.754
0,-5.815
0,-7.34
2,-13.035
2,-16.453
0,-6.574
2,-17.59
2,-10.441
0,-6.724
2,-11.102
2,-12.147
0,-8.504
0,-5.797
2,-12.512
0,-8.077
0,-8.45
0,-5.653
0,-5.508
0,-4.329
2,-10.786
2,-15.419
0,-8.714
2,-17.722
0,-4.665
0,-6.53
2,-17.876
1,-19.769
2,-11.708
0,-8.045
2,-15.137
0,-5.922
2,-17.493
0,-5.234
0,-6.171
2,-12.62
0,-3.891
0,-3.11
2,-9.932
0,-4.123
0,-9.282
2,-16.174
2,-10.252
0,-9.815
2,-12.93
2,-10.073
2,-12.266
0,-7.55
2,-10.1
2,-15.466
1,-24.385
2,-17.944
0,-4.737
2,-13.585
0,-6.669
2,-11.951
2,-10.685
1,-20.678
2,-13.425
0,-6.564
2,-9.992
1,-19.819
0,-7.413
0,-5.021
2,-13.261
2,-13.739
1,-19.809
2,-15.788
0,-6.585
0,-9.63
2,-10.844
0,-6.668
0,-8.436
2,-15.479
0,-4.173
0,-8.265
2,-11.596
0,-5.098
0,-8.875
0,-9.31
0,-6.158
0,-7.014
1,-22.152
2,-14.369
1,-18.679
2,-14.43
0,-5.555
2,-10.297
0,-8.28
2,-11.404
0,-9.483
0,-6.165
0,-5.064
0,-9.655
2,-10.311
0,-5.426
2,-16.748
0,-7.983
0,-8.662
2,-15.001
0,-7.269
2,-13.026
1,-22.999
0,-7.336
0,-5.839
0,-9.2
0,-8.291
2,-10.321
1,-21.339
0,-3.398
0,-5.852
2,-10.319
0,-2.818
0,-6.611
2,-11.132
0,-9.183
0,-7.042
2,-13.579
2,-16.271
2,-13.562
2,-11.95
1,-23.977
0,-7.279
0,-4.644
0,-9.66
2,-10.098
0,-9.618
2,-10.627
2,-15.855
0,-8.335
2,-12.396
2,-16.262
2,-10.851
2,-10.312
0,-4.926
1,-30.925
2,-16.359
0,-8.452
0,-7.135
1,-20.519
0,-5.701
2,-10.223
2,-11.991
0,-9.073
2,-13.491
1,-20.74
0,-8.652
0,-5.095
0,-9.384
2,-17.181
0,-4.775
0,-9.28
0,-6.297
2,-10.263
0,-8.521
2,-15.062
0,-8.133
0,-7.006
0,-8.079
0,-7.762
0,-4.97
0,-8.647
2,-10.458
2,-11.398
0,-7.86
2,-14.979
0,-7.497
1,-21.052
0,-6.396
1,-20.106
2,-15.776
0,-6.937
0,-8.392
0,-9.113
0,-5.955
0,-6.748
0,-5.284
0,-5.492
0,-7.8
2,-11.774
2,-13.606
1,-19.273
1,-27.019
0,-5.438
2,-14.668
0,-8.811
1,-24.651
2,-14.305
1,-19.233
0,-7.117
0,-3.805
0,-7.284
0,-4.502
0,-5.94
2,-10.503
0,-6.515
2,-17.608
0,-3.349
2,-17.27
0,-8.502
2,-12.637
1,-18.352
0,-8.505
2,-12.007
0,-8.235
0,-8.473
2,-11.286
0,-7.486
2,-11.576
0,-7.801
0,-9.156
0,-2.839
0,-4.994
2,-10.261
0,-5.239
0,-6.551
2,-11.881
2,-11.807
2,-12.328
2,-14.964
0,-5.543
0,-8.931
2,-15.391
0,-5.303
0,-5.945
0,-7.405
0,-7.827
2,-12.883
2,-11.496
0,-8.781
0,-5.118
0,-9.476
0,-7.184
0,-5.825
1,-24.009
2,-16.715
0,-4.523
0,-3.883
0,-6.958
2,-15.849
0,-6.699
2,-13.827
0,-6.231
0,-8.1
2,-12.75
0,-6.72
2,-16.6
1,-22.715
0,-6.117
0,-8.004
1,-19.27
0,-8.259
0,-9.306
2,-15.102
2,-10.939
2,-14.66
2,-14.736
2,-10.897
1,-22.184
0,-4.707
0,-6.709
0,-5.301
2,-11.573
0,-3.225
0,-6.3
2,-12.161
2,-10.76
2,-13.767
0,-5.806
2,-12.319
2,-11.71
2,-10.981
0,-6.791
0,-4.197
0,-9.326
0,-6.006
0,-7.098
0,-7.964
0,-7.834
0,-7.487
2,-11.76
0,-5.497
2,-12.437
2,-10.015
0,-9.098
0,-5.79
0,-5.347
0,-9.558
0,-7.467
0,-3.044
2,-13.939
0,-6.473
0,-8.22
0,-6.465
0,-6.754
2,-13.114
0,-7.991
2,-10.75
2,-11.796
1,-18.626
0,-8.022
0,-5.554
2,-15.737
0,-9.742
1,-19.239
2,-11.579
0,-6.682
2,-10.987
2,-15.835
0,-5.712
0,-7.665
2,-10.207
0,-3.237
0,-8.675
1,-18.742
2,-13.629
0,-6.419
2,-12.024
0,-6.607
2,-12.818
2,-10.193
2,-15.529
0,-8.948
0,-6.555
2,-12.328
0,-7.455
2,-16.775
0,-4.468
2,-10.544
0,-7.168
2,-13.85
0,-9.334
2,-12.967
2,-13.098
0,-8.11
0,-7.333
2,-9.889
1,-21.14
2,-12.844
0,-8.571
0,-6.152
0,-4.958
1,-22.153
2,-12.977
0,-8.806
0,-5.872
2,-11.472
0,-4.035
0,-5.981
0,-5.105
0,-8.559
2,-12.101
2,-11.301
2,-12.793
0,-4.95
2,-14.344
1,-22.258
1,-30.249
2,-10.447
2,-13.573
2,-12.12
2,-10.576
2,-15.632
0,-9.173
0,-3.08
0,-5.032
2,-11.178
0,-4.285
0,-6.459
2,-14.223
0,-4.237
0,-4.762
0,-7.06
1,-20.868
1,-18.261
2,-16.709
1,-25.698
2,-12.623
0,-8.013
0,-5.349
0,-4.73
2,-11.277
0,-5.82
2,-12.818
1,-33.364
1,-24.568
1,-19.928
2,-13.675
0,-8.588
2,-13.196
2,-11.969
2,-10.903
0,-3.894
0,-4.281
0,-9.735
2,-15.591
1,-18.454
2,-12.019
2,-13.327
2,-9.911
0,-7.518
2,-14.406
0,-9.651
2,-10.223
0,-2.029
2,-17.193
0,-5.92
2,-10.363
0,-5.008
0,-8.852
1,-18.226
0,-7.36
2,-11.714
0,-4.548
2,-14.728
2,-15.018
0,-5.951
0,-5.158
0,-5.797
2,-16.188
0,-6.228
2,-13.915
0,-8.236
2,-14.048
1,-18.786
0,-3.137
0,-6.519
0,-3.887
1,-26.646
2,-16.386
0,-9.86
2,-11.588
0,-6.065
2,-10.027
0,-9.727
0,-5.154
0,-9.013
0,-8.312
0,-7.915
0,-9.689
2,-10.762
0,-6.752
0,-8.387
0,-6.447
0,-7.596
2,-11.341
0,-8.091
1,-24.991
0,-5.428
2,-12.828
0,-9.75
0,-5.75
0,-7.963
0,-4.603
2,-12.293
0,-9.464
0,-8.37
0,-9.633
0,-7.881
2,-15.39
1,-22.356
0,-5.229
1,-21.207
0,-8.131
2,-15.437
0,-5.742
2,-16.877
0,-6.024
2,-12.195
0,-7.009
2,-12.836
0,-4.249
0,-7.352
0,-5.129
2,-14.402
2,-11.933
2,-10.476
2,-12.162
0,-4.861
2,-10.984
0,-7.549
1,-18.891
0,-7.031
0,-6.504
0,-9.009
0,-5.295
0,-4.96
2,-12.108
0,-5.021
0,-3.264
0,-9.31
2,-12.507
0,-6.753
2,-12.835
0,-3.131
2,-15.237
1,-26.862
0,-4.182
2,-13.481
0,-9.68
0,-8.244
0,-6.808
2,-14.744
2,-13.87
0,-8.19
1,-30.712
2,-15.926
2,-16.739
0,-5.05
2,-10.873
0,-6.428
0,-6.939
0,-5.996
0,-4.163
0,-4.159
2,-17.087
0,-9.039
1,-21.69
1,-19.34
2,-10.78
2,-13.316
2,-10.976
1,-25.359
2,-10.992
0,-7.913
2,-10.836
2,-9.911
2,-17.795
0,-3.698
0,-7.673
0,-6.188
0,-8.002
0,-2.421
1,-32.535
2,-10.599
0,-6.252
0,-5.745
2,-10.118
0,-2.03
2,-13.817
0,-9.796
0,-3.93
2,-12.896
2,-17.346
0,-6.609
2,-17.805
0,-6.848
2,-10.257
0,-6.865
2,-11.459
0,-6.946
2,-11.772
2,-12.826
1,-23.779
0,-5.839
2,-15.686
0,-3.492
0,-3.996
0,-5.817
0,-5.636
2,-11.229
0,-6.155
0,-6.083
2,-10.819
0,-6.072
2,-11.68
2,-13.546
0,-8.383
0,-9.241
1,-19.664
0,-5.993
0,-5.955
0,-9.383
2,-14.442
0,-5.469
2,-17.91
2,-10.202
0,-6.304
2,-14.714
0,-9.851
0,-8.196
2,-12.617
0,-4.515
2,-12.098
0,-4.118
0,-6.131
0,-5.97
0,-7.068
0,-7.336
0,-6.566
1,-18.576
0,-4.365
0,-7.462
0,-5.549
0,-4.888
2,-10.578
0,-9.07
2,-15.494
2,-10.182
2,-11.703
0,-8.649
1,-22.074
2,-12.178
0,-6.645
0,-8.429
0,-5.64
0,-9.305
0,-8.922
2,-16.39
0,-3.862
0,-7.663
2,-11.798
0,-6.076
2,-10.481
2,-10.459
1,-25.221
0,-5.454
0,-9.527
0,-6.805
0,-3.471
1,-18.679
0,-6.583
0,-5.878
2,-10.553
0,-2.198
1,-20.869
1,-18.41
0,-4.716
0,-6.774
0,-4.919
2,-12.798
2,-17.938
2,-12.301
0,-5.456
0,-8.358
0,-5.408
2,-9.958
1,-22.359
0,-3.738
1,-18.335
2,-9.966
2,-13.715
2,-15.925
0,-7.954
0,-4.43
0,-8.977
0,-5.794
0,-9.776
0,-5.097
2,-16.107
2,-9.985
0,-7.541
0,-2.976
2,-15.95
2,-10.963
0,-6.321
0,-8.14
2,-12.957
0,-7.742
0,-5.584
2,-13.537
1,-31.708
0,-7.742
2,-13.527
0,-8.073
2,-10.172
0,-4.842
1,-27.905
0,-9.808
2,-14.85
2,-14.079
0,-6.545
0,-5.178
2,-14.293
0,-9.159
0,-7.162
2,-12.316
0,-7.107
0,-7.484
0,-9.64
0,-9.276
2,-12.451
2,-10.445
2,-12.802
2,-13.806
0,-5.55
2,-14.908
2,-10.401
2,-14.656
2,-15.321
1,-21.835
2,-10.635
2,-10.23
2,-11.638
0,-8.025
0,-7.434
2,-13.419
2,-11.685
0,-4.931
2,-14.469
2,-10.656
0,-6.785
0,-2.14
0,-6.059
0,-8.295
2,-10.743
0,-6.617
0,-4.636
2,-10.502
0,-7.537
0,-2.871
0,-9.054
1,-21.439
0,-7.479
1,-21.061
0,-9.049
0,-9.607
0,-4.62
2,-14.706
0,-6.496
0,-8.928
0,-3.519
0,-8.705
0,-6.897
0,-5.031
0,-6.282
0,-6.806
0,-5.583
0,-6.088
0,-9.805
2,-11.508
0,-8.094
1,-20.879
0,-3.959
2,-15.135
0,-6.394
2,-16.105
0,-7.379
2,-15.542
2,-10.954
0,-7.963
1,-24.633
0,-9.588
2,-15.002
0,-9.486
1,-23.374
2,-11.482
0,-3.961
2,-14.966
0,-7.157
0,-7.023
2,-12.657
2,-11.534
2,-12.935
0,-7.692
0,-6.858
2,-10.679
0,-5.0
0,-6.983
2,-12.77
1,-25.521
0,-6.852
0,-9.237
2,-12.558
0,-4.753
0,-8.863
2,-12.804
0,-8.575
2,-13.832
0,-5.653
2,-11.47
2,-12.919
0,-5.569
0,-6.066
2,-15.497
0,-8.304
1,-29.51
0,-8.243
0,-3.161
2,-13.757
2,-11.314
2,-14.477
2,-17.448
2,-11.596
2,-12.589
2,-13.287
1,-27.621
2,-9.9
0,-6.424
0,-5.052
0,-6.711
0,-8.067
0,-6.821
2,-11.403
2,-12.289
2,-10.908
2,-13.012
0,-6.405
0,-8.273
2,-13.176
0,-6.572
1,-22.06
0,-6.282
0,-5.128
0,-9.479
2,-13.277
0,-4.491
0,-5.216
2,-15.357
2,-9.897
2,-15.81
0,-6.322
2,-13.452
0,-6.694
2,-11.017
2,-10.844
0,-6.31
2,-11.669
2,-11.446
0,-7.217
2,-13.002
0,-8.974
0,-2.863
2,-10.001
0,-7.763
0,-7.178
0,-5.927
2,-15.304
2,-11.547
0,-8.21
0,-7.459
2,-12.813
1,-20.105
0,-6.988
1,-19.408
0,-4.523
2,-16.358
1,-25.745
0,-5.318
1,-19.877
2,-14.365
2,-13.629
0,-5.735
2,-11.21
0,-7.485
1,-20.009
2,-10.519
0,-8.753
2,-14.897
0,-1.869
1,-29.407
2,-10.362
2,-14.809
0,-9.675
1,-23.707
2,-14.234
2,-12.391
0,-7.163
2,-10.173
1,-30.089
0,-5.279
0,-6.595
2,-11.378
2,-10.91
0,-3.287
2,-16.253
0,-9.514
2,-9.929
0,-5.035
2,-16.958
0,-2.456
1,-18.712
0,-5.811
0,-7.445
2,-16.8
0,-4.035
0,-6.893
0,-6.119
1,-27.749
0,-5.693
0,-5.301
0,-5.98
0,-7.867
0,-8.227
2,-11.982
0,-2.321
2,-11.321
0,-6.466
2,-14.963
0,-4.655
2,-9.952
2,-15.962
0,-7.255
1,-21.781
0,-4.485
1,-20.077
2,-13.558
0,-4.995
0,-8.943
0,-9.822
0,-8.531
0,-6.394
0,-3.304
1,-19.015
0,-9.599
2,-12.632
0,-8.852
1,-21.039
2,-11.637
0,-3.048
0,-7.966
1,-32.987
0,-8.121
0,-4.377
2,-11.403
0,-9.385
1,-20.974
0,-8.258
0,-9.577
2,-14.822
1,-18.063
1,-18.865
0,-8.972
0,-6.866
2,-17.763
0,-5.571
2,-13.394
0,-3.495
2,-13.025
2,-11.34
0,-6.582
0,-6.022
0,-6.276
2,-10.665
2,-12.847
2,-11.126
1,-19.907
0,-9.68
2,-15.94
0,-5.718
2,-12.378
2,-9.931
0,-8.997
0,-3.387
0,-7.875
0,-8.081
1,-19.252
0,-7.473
0,-6.09
0,-8.892
2,-13.52
2,-14.472
2,-14.585
1,-26.045
2,-10.007
1,-20.288
2,-10.031
1,-21.091
0,-9.311
2,-16.968
0,-9.654
0,-4.876
0,-4.279
0,-7.883
0,-1.814
0,-3.261
0,-4.595
2,-17.148
0,-7.332
1,-25.452
0,-2.731
0,-7.399
0,-7.269
0,-5.899
0,-8.253
2,-10.179
1,-22.965
2,-11.956
0,-9.664
0,-5.551
0,-6.016
0,-1.997
0,-5.435
0,-7.114
0,-3.506
2,-17.647
2,-15.175
2,-12.682
0,-9.652
0,-9.771
0,-6.6
0,-7.43
2,-11.616
0,-9.18
0,-5.221
2,-15.355
0,-8.473
0,-9.868
0,-6.393
0,-8.061
1,-27.737
2,-13.443
0,-9.181
1,-18.197
2,-13.971
2,-10.477
2,-13.086
0,-5.172
2,-10.308
0,-4.527
2,-12.85
0,-7.467
2,-13.916
0,-7.309
0,-6.032
0,-7.324
0,-6.818
0,-4.919
0,-6.103
2,-10.455
2,-10.034
1,-24.106
2,-17.865
0,-3.545
0,-9.498
2,-9.902
2,-10.787
0,-9.344
0,-7.327
0,-6.854
0,-8.688
0,-4.988
2,-12.665
0,-6.923
2,-15.73
0,-6.56
2,-11.389
2,-12.442
2,-14.87
2,-10.908
0,-8.14
0,-9.4
0,-8.052
1,-19.97
0,-5.062
0,-7.82
0,-8.815
0,-7.943
0,-6.223
0,-6.139
0,-6.334
0,-6.269
0,-8.374
2,-12.939
0,-4.372
2,-12.314
2,-17.126
0,-9.698
2,-14.431
2,-13.016
0,-9.675
0,-2.937
0,-9.058
2,-11.533
0,-5.546
0,-4.26
2,-14.966
2,-15.284
0,-7.44
1,-27.755
1,-19.397
2,-13.91
0,-8.374
0,-6.172
2,-14.165
0,-8.005
0,-8.668
2,-11.261
2,-16.326
0,-6.295
2,-10.347
2,-9.988
0,-6.47
0,-6.663
0,-4.767
0,-5.705
0,-7.355
0,-9.02
0,-8.958
0,-5.609
0,-4.507
0,-7.557
2,-11.718
0,-3.579
2,-15.751
0,-5.265
0,-8.215
2,-12.781
1,-21.254
2,-12.793
0,-6.555
0,-3.973
2,-16.808
0,-7.409
0,-3.8
2,-16.83
0,-5.454
0,-6.988
2,-10.713
0,-8.864
1,-20.656
0,-7.228
0,-3.892
0,-7.063
2,-11.992
2,-17.431
1,-18.993
1,-22.377
2,-16.558
0,-6.742
2,-10.375
0,-9.043
2,-12.518
2,-11.704
2,-16.154
2,-10.614
2,-13.554
0,-7.956
0,-5.597
1,-19.196
2,-17.45
2,-11.095
2,-10.857
0,-5.168
2,-14.843
2,-14.773
2,-16.438
0,-7.846
0,-8.863
0,-4.808
0,-3.277
2,-12.577
0,-6.823
2,-10.955
0,-8.85
0,-6.221
2,-13.895
0,-7.606
0,-5.007
2,-12.231
1,-24.81
2,-12.922
0,-7.5
0,-4.553
0,-8.022
2,-10.377
0,-8.211
0,-7.335
0,-6.968
2,-10.978
2,-11.476
0,-5.233
0,-9.539
0,-8.635
0,-8.016
0,-4.225
2,-16.603
0,-7.561
0,-7.437
2,-13.017
0,-9.826
0,-7.727
0,-3.301
2,-12.517
0,-6.156
0,-6.021
2,-16.294
0,-6.239
0,-7.489
0,-8.316
0,-4.027
2,-12.673
2,-14.881
0,-8.065
2,-11.756
2,-16.159
0,-8.087
2,-14.517
2,-12.087
2,-12.574
0,-5.324
